Plant: 0
	Globals: 0.0,0.0,0.0,0.0
Plant: 1
	Globals: 0.0,0.0,0.0,0.0
Plant: 2
	 Root: 1,737.02045,-386.6667,1.570795
	X:2351,2351,2351,2351,2351,2353,2355,2357,2360,2362,2364,2366,2366,2366,2366,2368,2368,2368,2371,2371,2371,2371,2371,2371,2373,2373,2375,2375,2375,2375,2375,2377,2377,2377,2377,2377,2380,2380,2380,2380,2382,2384,2384,2384,2384,2384,2386,2388,2388,2388,2388,2388,2391,2393,2393,2393,2395,2397,2397,2397,2400,2402,2402,2402,2404,2406,2406,2408,2411,2413,2415,2415,2417,2420,2422,2422,2424,2426,2428,2428,2431,2433,2435,2437,2440,2440,2442,2444,2446,2446,2448,2451,2453,2455,2457,2460,2462,2464,2466,2466,2468,2471,2473,2475,2477,2480,2482,2484,2486,2488,2491,2493,2495,2497,2500,2502,2504,2506,2508,2511,2513,2515,2517,2520,2522,2524,2526,2528,2531,2533,2535,2537,2540,2542,2544,2546,2548,2551,2553,2555,2557,2560,2562,2564,2566,2568,2571,2573,2575,2577,2580,2582,2584,2586,2588,2591,2593,2595,2597,2600,2602,2604,2606,2608,2611,2613,2615,2617,2620,2622,2624,2626,2628,2631,2633,2635,2637,2640,2642,2644,2646,2648,2651,2653,2655,2657,2660,2662,2664,2666,2668,2671,2673,2675,2677,2680,2682,2684,2686,2688,2691,2693,2695,2697,2700,2702,2704,2706,2708,2711,2713,2715,2717,2720,2722,2724,2726,2728,2731,2733,2735,2737,2740,2742,2744,2746,2748,2751,2753,2755,2757,2760,2762,2764,2766,2768,2771,2773,2775,2777,2780,2782,2784,2786,2788,2791,2793,2795,2797,2800,2802,2804,2806,2808,2811,2813,2815,2817,2820,2822,2824,
	Y:615,613,611,608,606,604,602,600,597,595,593,591,588,586,584,582,580,577,575,573,571,568,566,564,562,560,557,555,553,551,548,546,544,542,540,537,535,533,531,528,526,524,522,520,517,515,513,511,508,506,504,502,500,497,495,493,491,488,486,484,482,480,477,475,473,471,468,466,464,462,460,457,455,453,451,448,446,444,442,440,437,435,433,431,428,426,424,422,420,417,415,413,411,408,406,404,402,400,397,395,393,391,388,386,384,382,380,377,375,373,371,368,366,364,362,360,357,355,353,351,348,346,344,342,340,337,335,333,331,328,326,324,322,320,317,317,315,313,311,308,306,304,302,300,297,295,293,291,288,286,286,284,282,280,277,275,273,271,268,266,264,262,260,257,255,253,251,248,246,244,242,240,237,235,233,231,228,226,224,222,220,217,215,213,211,208,206,204,202,200,197,195,193,191,188,186,188,191,193,195,197,200,202,204,206,208,211,213,215,217,220,222,224,226,228,231,233,235,237,237,237,237,237,237,237,237,235,235,235,235,235,235,235,233,233,233,233,233,233,233,233,233,233,233,233,233,233,233,233,233,233,231,231,231,231,231,231,231,231,231,228,
	 Root: 2,599.5966,404.44446,0.6156199
	X:2351,2353,2355,2357,2360,2362,2364,2366,2368,2371,2373,2375,2377,2380,2382,2384,2386,2388,2391,2393,2395,2397,2400,2402,2404,2402,2402,2404,2404,2406,2406,2406,2406,2408,2408,2408,2411,2413,2415,2415,2415,2415,2415,2415,2415,2415,2417,2420,2422,2424,2426,2428,2431,2433,2435,2437,2440,2442,2444,2446,2448,2451,2453,2455,2457,2460,2462,2464,2466,2468,2471,2473,2475,2477,2480,2482,2484,2486,2488,2491,2493,2495,2497,2500,2502,2504,2506,2508,2511,2513,2515,2517,2517,2520,2522,2524,2526,2526,2528,2531,2533,2535,2537,2537,2540,2540,2542,2544,2546,2546,2548,2551,2553,2553,2555,2555,2557,2560,2562,2562,2560,2557,2555,2555,2557,2560,2562,2562,2564,2566,2566,2566,2568,2571,2571,2573,2575,2575,2577,2580,2580,2580,2582,2584,2584,2586,2588,2591,2593,2593,2595,2597,2597,2597,2600,2602,2604,2606,2606,2608,2611,2611,2611,2613,2615,2617,2620,2622,2624,2626,2626,2628,2631,2631,2631,2633,2635,2637,2640,2640,2642,2644,2646,2648,2648,2651,2653,2655,2655,2655,2657,2660,2662,2664,2666,2666,2668,2671,2673,2673,2675,2677,2680,2682,2684,2686,2688,2691,2693,2693,2693,2695,
	Y:615,615,617,620,622,624,626,628,631,633,635,637,640,642,644,646,648,651,653,655,657,660,662,664,666,668,671,673,675,677,680,682,684,686,688,691,693,695,697,700,702,704,706,708,711,713,715,717,720,722,724,726,728,728,728,728,728,728,728,728,731,733,735,737,740,742,744,746,748,751,751,751,751,751,751,751,751,751,751,751,753,751,748,746,744,744,744,744,746,748,751,753,755,757,760,762,764,766,768,771,773,775,777,780,782,784,786,788,791,793,795,797,800,802,804,806,808,811,813,815,817,820,822,824,826,828,831,833,835,837,840,842,844,846,848,851,853,855,857,860,862,864,866,868,871,873,875,877,880,882,884,886,888,891,893,895,897,900,902,904,906,908,911,913,915,917,920,922,924,926,928,931,933,935,937,940,942,944,946,948,951,953,955,957,960,962,964,966,968,971,973,975,977,980,982,984,986,988,991,993,995,997,1000,1002,1004,1006,1008,1011,1013,1015,1017,1020,
	 Root: 3,967.1294,886.6667,0.37394193
	X:2351,2353,2355,2357,2360,2362,2364,2366,2368,2371,2373,2375,2377,2380,2382,2384,2386,2388,2391,2393,2395,2397,2400,2402,2404,2402,2402,2404,2404,2406,2406,2406,2406,2408,2408,2408,2411,2413,2415,2415,2415,2415,2415,2415,2415,2415,2415,2415,2415,2415,2415,2415,2415,2415,2415,2415,2415,2415,2415,2415,2415,2415,2415,2415,2415,2415,2415,2415,2415,2415,2415,2415,2415,2415,2415,2415,2415,2417,2420,2420,2420,2420,2420,2420,2422,2422,2424,2426,2426,2426,2426,2426,2426,2426,2426,2426,2426,2426,2426,2426,2428,2428,2428,2428,2431,2431,2431,2431,2431,2433,2433,2433,2433,2435,2435,2435,2435,2437,2437,2437,2437,2440,2440,2440,2440,2440,2440,2442,2442,2444,2446,2446,2446,2446,2446,2448,2448,2448,2448,2448,2451,2453,2453,2453,2453,2453,2453,2455,2457,2457,2457,2457,2457,2460,2462,2462,2462,2462,2462,2462,2462,2464,2466,2466,2466,2466,2466,2466,2466,2468,2471,2471,2471,2471,2471,2471,2471,2471,2471,2473,2475,2475,2475,2475,2475,2477,2477,2477,2477,2477,2477,2477,2480,2482,2482,2482,2482,2482,2482,2482,2482,2482,2484,2484,2484,2484,2484,2484,2486,2486,2486,2486,2488,2491,2491,2491,2491,2491,2491,2491,2491,2491,2491,2491,2493,2495,2495,2495,2495,2495,2495,2495,2495,2495,2495,2495,2495,2495,2497,2500,2500,2500,2500,2500,2500,2500,2500,2500,2500,2500,2500,2500,2500,2500,2500,2500,2500,2500,2500,2500,2500,2502,2504,2504,2504,2504,2504,2504,2504,2504,2504,2504,2504,2504,2504,2504,2504,2506,2508,2508,2508,2508,2508,2508,2508,2508,2508,2508,2508,2508,2508,2508,2508,2508,2508,2508,2508,2511,2513,2513,2513,2513,2513,2513,2513,2513,2513,2515,2517,2517,2517,2517,2517,2517,2517,2517,2517,2517,2517,2517,2520,2522,2522,2522,2522,2522,2522,2522,2522,2522,2522,2522,2522,2522,2522,2522,2522,2522,2522,2522,2522,2524,2526,2526,2526,2526,2526,2526,2526,2526,2526,2526,2526,2526,2526,2526,2526,2526,2526,2526,2526,2526,2528,2531,2531,2531,2531,2531,2531,2531,2531,2531,2531,2531,2531,2531,2531,2531,2531,2531,2531,2531,2533,2535,2537,2537,2537,2537,2537,2537,2537,2537,2537,2537,2537,2537,2537,2537,2537,2537,2537,
	Y:615,615,617,620,622,624,626,628,631,633,635,637,640,642,644,646,648,651,653,655,657,660,662,664,666,668,671,673,675,677,680,682,684,686,688,691,693,695,697,700,702,704,706,708,711,713,715,717,720,722,724,726,728,731,733,735,737,740,742,744,746,748,751,753,755,757,760,762,764,766,768,771,773,775,777,780,782,784,786,788,791,793,795,797,800,802,804,806,808,811,813,815,817,820,822,824,826,828,831,833,835,837,840,842,844,846,848,851,853,855,857,860,862,864,866,868,871,873,875,877,880,882,884,886,888,891,893,895,897,900,902,904,906,908,911,913,915,917,920,922,924,926,928,931,933,935,937,940,942,944,946,948,951,953,955,957,960,962,964,966,968,971,973,975,977,980,982,984,986,988,991,993,995,997,1000,1002,1004,1006,1008,1011,1013,1015,1017,1020,1022,1024,1026,1028,1031,1033,1035,1037,1040,1042,1044,1046,1048,1051,1053,1055,1057,1060,1062,1064,1066,1068,1071,1073,1075,1077,1080,1082,1084,1086,1088,1091,1093,1095,1097,1100,1102,1104,1106,1108,1111,1113,1115,1117,1120,1122,1124,1126,1128,1131,1133,1135,1137,1140,1142,1144,1146,1148,1151,1153,1155,1157,1160,1162,1164,1166,1168,1171,1173,1175,1177,1180,1182,1184,1186,1188,1191,1193,1195,1197,1200,1202,1204,1206,1208,1211,1213,1215,1217,1220,1222,1224,1226,1228,1231,1233,1235,1237,1240,1242,1244,1246,1248,1251,1253,1255,1257,1260,1262,1264,1266,1268,1271,1273,1275,1277,1280,1282,1284,1286,1288,1291,1293,1295,1297,1300,1302,1304,1306,1308,1311,1313,1315,1317,1320,1322,1324,1326,1328,1331,1333,1335,1337,1340,1342,1344,1346,1348,1351,1353,1355,1357,1360,1362,1364,1366,1368,1371,1373,1375,1377,1380,1382,1384,1386,1388,1391,1393,1395,1397,1400,1402,1404,1406,1408,1411,1413,1415,1417,1420,1422,1424,1426,1428,1431,1433,1435,1437,1440,1442,1444,1446,1448,1451,1453,1455,1457,1460,1462,1464,1466,1468,1471,1473,1475,1477,1480,1482,1484,1486,1488,1491,1493,1495,1497,1500,1502,
	 Root: 4,330.46826,282.22223,0.76412475
	X:2351,2353,2355,2357,2360,2362,2364,2366,2368,2371,2373,2375,2377,2380,2382,2384,2386,2388,2391,2393,2395,2397,2400,2402,2404,2402,2402,2404,2404,2406,2406,2406,2406,2408,2408,2408,2411,2413,2415,2415,2415,2415,2415,2415,2415,2415,2415,2415,2415,2415,2415,2415,2415,2415,2415,2415,2415,2415,2415,2415,2415,2415,2415,2415,2415,2415,2415,2415,2415,2415,2415,2415,2415,2415,2415,2415,2415,2417,2420,2420,2420,2420,2420,2420,2422,2422,2424,2426,2426,2426,2426,2426,2426,2426,2426,2426,2426,2426,2426,2426,2428,2428,2428,2428,2431,2431,2431,2431,2431,2433,2433,2433,2433,2435,2435,2435,2435,2435,2433,2431,2428,2426,2424,2422,2420,2417,2415,2413,2411,
	Y:615,615,617,620,622,624,626,628,631,633,635,637,640,642,644,646,648,651,653,655,657,660,662,664,666,668,671,673,675,677,680,682,684,686,688,691,693,695,697,700,702,704,706,708,711,713,715,717,720,722,724,726,728,731,733,735,737,740,742,744,746,748,751,753,755,757,760,762,764,766,768,771,773,775,777,780,782,784,786,788,791,793,795,797,800,802,804,806,808,811,813,815,817,820,822,824,826,828,831,833,835,837,840,842,844,846,848,851,853,855,857,860,862,864,866,868,871,873,875,877,880,882,884,886,888,891,893,895,897,
	 Root: 5,533.8233,426.6667,0.6647745
	X:2351,2353,2355,2357,2360,2362,2364,2366,2368,2371,2373,2375,2377,2380,2382,2384,2386,2388,2391,2393,2395,2397,2400,2402,2404,2402,2402,2404,2404,2406,2406,2406,2406,2408,2408,2408,2411,2413,2415,2415,2415,2415,2415,2415,2415,2415,2415,2415,2415,2415,2415,2415,2415,2415,2415,2415,2415,2415,2415,2415,2415,2415,2415,2415,2415,2415,2415,2415,2415,2415,2415,2415,2413,2411,2408,2406,2404,2402,2400,2397,2395,2395,2393,2391,2388,2386,2386,2386,2386,2384,2382,2380,2377,2375,2375,2373,2373,2371,2371,2368,2366,2366,2364,2364,2362,2360,2360,2360,2357,2357,2355,2355,2353,2353,2353,2351,2351,2348,2346,2344,2344,2342,2340,2337,2337,2335,2333,2333,2331,2328,2326,2326,2324,2322,2320,2317,2317,2315,2313,2311,2308,2308,2306,2306,2304,2302,2300,2297,2297,2295,2293,2291,2291,2288,2286,2284,2284,2282,2280,2277,2277,2275,2273,2273,2271,2268,2266,2266,2266,2264,2262,2260,2257,2257,2257,2255,2253,2253,2253,2253,2251,2248,2248,2248,2246,2244,2244,2242,2240,2237,2235,2233,2231,2228,
	Y:615,615,617,620,622,624,626,628,631,633,635,637,640,642,644,646,648,651,653,655,657,660,662,664,666,668,671,673,675,677,680,682,684,686,688,691,693,695,697,700,702,704,706,708,711,713,715,717,720,722,724,726,728,731,733,735,737,740,742,744,746,748,751,753,755,757,760,762,764,766,768,771,773,775,777,780,782,784,786,788,791,793,795,797,800,802,804,806,808,811,813,815,817,820,822,824,826,828,831,833,835,837,840,842,844,846,848,851,853,855,857,860,862,864,866,868,871,873,875,877,880,882,884,886,888,891,893,895,897,900,902,904,906,908,911,913,915,917,920,922,924,926,928,931,933,935,937,940,942,944,946,948,951,953,955,957,960,962,964,966,968,971,973,975,977,980,982,984,986,988,991,993,995,997,1000,1002,1004,1006,1008,1011,1013,1015,1017,1020,1022,1024,1026,1028,1031,1033,1035,1037,1040,1042,
	Globals: 3168.038,886.6667,0.0,1.570795
