Plant: 0
	Globals: 0.0,0.0,0.0,0.0
Plant: 1
	 Root: 1,219.35716,-171.11111,1.570795
	X:1731,1728,1731,1733,1735,1737,1740,1740,1742,1744,1746,1744,1744,1744,1742,1740,1737,1735,1733,1733,1731,1728,1726,1724,1722,1720,1717,1715,1713,1711,1708,1706,1704,1702,1700,1700,1700,1697,1697,1695,1693,1691,1691,1691,1691,1688,1686,1686,1686,1686,1686,1686,1684,1684,1684,1684,1682,1684,1684,1686,1686,1686,1686,1686,1686,1688,1691,1688,1691,1691,1691,1693,1693,1695,1697,1700,1702,1700,1697,
	Y:811,808,806,804,802,800,797,795,793,791,788,786,784,782,780,777,775,773,771,768,766,764,762,760,757,755,753,751,748,746,746,744,742,740,737,735,733,731,728,726,724,722,720,717,715,713,711,708,706,704,702,700,697,695,693,691,688,686,684,682,680,677,675,673,671,668,666,664,662,660,657,655,653,651,648,646,644,642,640,
	Globals: 219.35716,0.0,0.0,1.570795
Plant: 2
	 Root: 1,1575.1527,626.6667,-1.1107588
	X:2033,2035,2037,2037,2035,2033,2031,2028,2026,2024,2022,2020,2017,2015,2013,2011,2008,2006,2004,2002,2000,1997,1995,1993,1991,1988,1986,1984,1982,1980,1977,1975,1973,1971,1968,1966,1964,1962,1960,1957,1955,1953,1951,1948,1946,1944,1942,1940,1937,1935,1933,1931,1928,1926,1924,1922,1920,1917,1915,1913,1911,1908,1906,1904,1902,1900,1897,1895,1893,1891,1888,1886,1884,1882,1880,1877,1875,1873,1871,1868,1866,1864,1862,1860,1857,1855,1853,1851,1848,1846,1844,1842,1840,1837,1835,1833,1831,1828,1826,1824,1822,1820,1817,1815,1813,1811,1808,1806,1804,1802,1800,1797,1795,1793,1791,1788,1786,1784,1782,1780,1777,1775,1773,1771,1768,1766,1764,1762,1760,1757,1755,1753,1751,1748,1746,1744,1742,1740,1737,1735,1733,1731,1728,1726,1724,1722,1720,1717,1715,1713,1711,1708,1706,1704,1702,1700,1697,1695,1693,1691,1688,1686,1684,1682,1680,1677,1675,1673,1671,1668,1666,1664,1662,1660,1657,1655,1653,1651,1648,1646,1644,1642,1640,1637,1635,1633,1631,1628,1626,1624,1622,1620,1617,1615,1613,1611,1608,1606,1604,1602,1600,1597,1595,1593,1591,1588,1586,1584,1582,1580,1577,1575,1573,1571,1568,1566,1564,1562,1560,1557,1555,1553,1551,1548,1546,1544,1542,1540,1537,1535,1533,1531,1528,1526,1524,1522,1520,1517,1515,1513,1511,1508,1506,1504,1502,1500,1497,1495,1493,1491,1488,1486,1484,1482,1480,1477,1475,1473,1471,1468,1466,1464,1462,1460,1457,1455,1453,1451,1448,1446,1444,1442,1440,1437,1435,1433,1431,1428,1426,1424,1422,1420,1417,1415,1413,1411,1408,1406,1404,1402,1400,1397,1395,1393,1391,1388,1386,1384,1382,1380,1377,1375,1373,1371,1368,1366,1364,1362,1360,1357,1355,1353,1351,1348,1346,1344,1342,1340,1337,1335,1333,1331,1328,1326,1324,1322,1320,1317,1315,1313,1311,1308,1306,1304,1302,1300,1297,1295,1293,1291,1288,1286,1284,1282,1280,1277,1275,1273,1271,1268,1266,1264,1262,1260,1257,1255,1253,1251,1248,1246,1244,1242,1240,1237,1235,1233,1231,1228,1226,1224,1222,1220,1217,1215,1213,1211,1208,1206,1204,1202,1200,1197,1195,1193,1191,1188,1186,1184,1182,1180,1177,1175,1173,1171,1168,1166,1164,1162,1160,1157,1155,1153,1151,1148,1146,1144,1142,1140,1137,1135,1133,1131,1128,1126,1124,1122,1120,1117,1115,1113,1111,1108,1106,1104,1102,1100,1097,1095,1093,1091,1088,1086,1084,1082,1080,1077,1075,1073,1071,1068,1066,1064,1062,1060,1057,1055,1053,1051,1048,1046,1044,1042,1040,1037,1035,1033,1031,1028,1026,1024,1022,1020,1017,1015,1013,1011,1008,1006,1004,1002,1000,997,995,993,991,988,986,984,982,980,977,975,973,971,968,966,964,962,960,957,955,953,951,948,946,944,942,940,937,935,933,931,928,926,924,922,920,917,915,913,911,908,906,904,902,900,897,895,893,891,888,886,884,882,880,877,875,873,871,868,866,864,862,860,857,855,853,851,848,846,844,842,840,837,835,833,831,828,826,824,822,820,817,815,813,811,808,806,804,802,800,797,795,793,791,788,786,784,782,780,777,775,773,771,768,766,764,762,760,757,755,
	Y:1822,1824,1826,1828,1831,1833,1835,1835,1833,1833,1833,1835,1835,1835,1835,1837,1837,1840,1840,1842,1842,1842,1844,1842,1842,1844,1844,1844,1846,1848,1851,1848,1848,1851,1851,1851,1853,1853,1855,1857,1857,1857,1860,1862,1862,1864,1864,1864,1866,1866,1866,1868,1868,1871,1871,1871,1873,1873,1875,1875,1877,1877,1880,1880,1880,1882,1884,1882,1884,1884,1886,1886,1888,1888,1891,1893,1893,1895,1897,1897,1900,1900,1902,1904,1904,1906,1906,1908,1908,1911,1908,1911,1913,1915,1917,1917,1920,1920,1922,1922,1924,1926,1926,1928,1928,1931,1933,1933,1933,1935,1935,1937,1937,1940,1940,1942,1944,1944,1946,1946,1948,1951,1953,1953,1955,1955,1957,1957,1960,1960,1960,1962,1962,1964,1966,1968,1968,1971,1968,1971,1973,1975,1975,1977,1977,1980,1982,1982,1982,1984,1984,1986,1986,1988,1988,1991,1991,1993,1995,1997,1997,1997,2000,2000,2002,2002,2002,2004,2004,2006,2006,2008,2008,2008,2011,2011,2013,2013,2015,2017,2020,2020,2020,2020,2022,2022,2024,2024,2026,2026,2028,2028,2031,2031,2033,2033,2035,2035,2037,2037,2040,2042,2042,2044,2044,2046,2046,2048,2048,2051,2053,2055,2053,2055,2055,2057,2060,2060,2062,2062,2064,2064,2066,2066,2066,2068,2068,2071,2071,2073,2075,2075,2077,2077,2077,2080,2080,2082,2082,2084,2084,2086,2086,2088,2088,2091,2093,2095,2093,2095,2097,2100,2100,2102,2104,2102,2102,2104,2106,2106,2108,2108,2111,2113,2113,2115,2115,2117,2117,2120,2122,2122,2124,2124,2126,2126,2128,2131,2131,2133,2135,2135,2137,2140,2140,2142,2144,2144,2146,2148,2148,2148,2151,2153,2153,2155,2155,2157,2160,2162,2162,2164,2166,2168,2171,2168,2171,2173,2173,2173,2175,2175,2175,2177,2177,2180,2182,2182,2184,2184,2186,2188,2191,2191,2191,2193,2195,2197,2197,2197,2200,2200,2202,2204,2206,2208,2208,2211,2211,2213,2213,2213,2215,2217,2217,2220,2220,2222,2224,2224,2226,2228,2231,2233,2235,2235,2237,2240,2240,2242,2244,2244,2246,2246,2248,2248,2251,2251,2253,2255,2255,2257,2260,2262,2262,2264,2266,2266,2268,2271,2271,2273,2275,2277,2277,2280,2282,2282,2284,2284,2286,2286,2288,2291,2291,2293,2295,2295,2297,2297,2300,2302,2304,2304,2306,2308,2308,2311,2311,2313,2313,2315,2317,2317,2320,2320,2320,2322,2324,2326,2326,2328,2328,2331,2331,2333,2333,2335,2337,2337,2340,2342,2342,2344,2344,2346,2346,2346,2348,2348,2351,2351,2353,2355,2355,2357,2357,2360,2360,2362,2362,2364,2364,2366,2366,2368,2368,2371,2371,2373,2373,2375,2375,2377,2377,2380,2380,2382,2382,2382,2384,2384,2384,2386,2386,2388,2391,2391,2391,2391,2393,2393,2393,2395,2395,2397,2397,2397,2400,2400,2402,2402,2402,2404,2404,2404,2404,2406,2408,2408,2408,2411,2411,2411,2411,2413,2413,2415,2415,2415,2415,2417,2417,2420,2420,2420,2422,2422,2422,2424,2422,2424,2424,2424,2424,2426,2426,2426,2428,2428,2428,2428,2431,2431,2431,2433,2433,2433,2433,2435,2435,2435,2435,2435,2437,2437,2437,2440,2440,2437,2440,2440,2440,2442,2442,2442,2444,2444,2446,2446,2446,2446,2446,2446,2448,2448,2448,2446,2448,2448,2448,2448,2448,2451,2451,2448,2451,2451,2451,2451,2448,
	Globals: 1575.1527,626.6667,-1.1107588,0.0
