Plant: 0
	 Root: 1,121.48681,91.111115,0.35877067
	X:804,806,808,811,811,811,811,808,811,813,815,817,820,820,822,824,826,828,831,831,833,833,835,837,840,842,844,846,846,848,851,853,855,857,860,862,864,862,864,864,866,864,
	Y:791,793,795,797,800,802,804,806,808,811,813,815,817,820,822,824,826,828,831,833,835,837,840,842,844,846,848,851,853,855,857,860,862,864,866,868,871,873,875,877,880,882,
	Globals: 121.48681,91.111115,0.0,0.35877067
Plant: 1
	 Root: 1,150.3757,2.2222223,0.26625207
	X:1635,1635,1635,1635,1635,1635,1635,1635,1635,1637,1640,1642,1644,1646,1648,1651,1653,1655,1657,1660,1662,1664,1666,1668,1671,1673,1675,1677,1680,1682,1684,1686,1688,1691,1693,1695,1697,1700,1702,1704,1706,1708,1711,1713,1715,1717,1720,1722,1724,1726,1728,1731,1733,1735,1737,
	Y:740,742,744,746,748,751,753,755,757,760,762,764,766,766,764,762,764,762,764,762,762,762,760,757,755,753,753,751,748,748,748,746,744,742,744,746,744,742,744,746,744,742,742,744,742,742,742,740,740,740,737,740,740,742,742,
	Globals: 150.3757,2.2222223,0.0,0.26625207
Plant: 2
	 Root: 1,913.589,737.7778,-0.6287963
	X:2384,2386,2384,2382,2380,2377,2375,2373,2373,2371,2368,2366,2364,2362,2362,2360,2357,2355,2353,2351,2353,2351,2348,2346,2344,2342,2340,2337,2335,2335,2333,2331,2328,2326,2324,2322,2322,2322,2322,2320,2317,2315,2313,2313,2311,2308,2306,2304,2304,2304,2302,2300,2297,2297,2295,2293,2291,2291,2291,2288,2286,2286,2284,2282,2280,2280,2277,2277,2275,2273,2271,2271,2268,2266,2264,2262,2262,2260,2260,2257,2255,2255,2253,2253,2251,2248,2248,2248,2246,2244,2242,2240,2240,2237,2235,2235,2233,2233,2231,2228,2228,2226,2226,2226,2224,2222,2222,2220,2217,2217,2215,2215,2213,2211,2208,2208,2208,2208,2206,2204,2204,2202,2202,2200,2197,2197,2195,2195,2193,2193,2191,2188,2188,2186,2186,2184,2184,2182,2180,2180,2177,2177,2175,2175,2173,2171,2171,2168,2166,2166,2164,2164,2162,2162,2160,2160,2157,2155,2155,2153,2151,2148,2148,2146,2144,2146,2144,2142,2142,2140,2140,2137,2137,2135,2133,2133,2131,2131,2128,2128,2128,2126,2124,2124,2122,2122,2120,2120,2117,2115,2115,2113,2113,2111,2111,2108,2108,2106,2106,2106,2104,2104,2102,2102,2100,2100,2097,2097,2095,2093,2093,2093,2091,2091,2088,2088,2086,2084,2082,2082,2082,2082,2080,2080,2077,2077,2075,2075,2073,2071,2071,2068,2068,2066,2066,2064,2064,2064,2062,2060,2060,2060,2057,2057,2055,2055,2055,2053,2053,2051,2048,2048,2048,2046,2044,2044,2044,2042,2042,2040,2040,2037,2037,2037,2035,2033,2033,2033,2033,2031,2028,2028,2028,2028,2026,2024,2024,2022,2022,2022,2020,2020,2020,2017,2017,2015,2015,2015,2013,2013,2011,2011,2008,2008,2006,2006,2006,2006,2004,2002,2002,2002,2000,2000,1997,1997,1997,1995,1995,1995,1993,1991,1991,1991,1991,1988,1988,1988,1986,1986,1986,1984,1984,1984,1984,1984,1982,1980,1980,1977,1975,1975,1977,
	Y:915,917,920,922,924,926,928,931,933,935,937,940,942,944,946,948,951,953,955,957,960,962,964,966,968,971,973,975,977,980,982,984,986,988,991,993,995,997,1000,1002,1004,1006,1008,1011,1013,1015,1017,1020,1022,1024,1026,1028,1031,1033,1035,1037,1040,1042,1044,1046,1048,1051,1053,1055,1057,1060,1062,1064,1066,1068,1071,1073,1075,1077,1080,1082,1084,1086,1088,1091,1093,1095,1097,1100,1102,1104,1106,1108,1111,1113,1115,1117,1120,1122,1124,1126,1128,1131,1133,1135,1137,1140,1142,1144,1146,1148,1151,1153,1155,1157,1160,1162,1164,1166,1168,1171,1173,1175,1177,1180,1182,1184,1186,1188,1191,1193,1195,1197,1200,1202,1204,1206,1208,1211,1213,1215,1217,1220,1222,1224,1226,1228,1231,1233,1235,1237,1240,1242,1244,1246,1248,1251,1253,1255,1257,1260,1262,1264,1266,1268,1271,1273,1275,1277,1280,1282,1284,1286,1288,1291,1293,1295,1297,1300,1302,1304,1306,1308,1311,1313,1315,1317,1320,1322,1324,1326,1328,1331,1333,1335,1337,1340,1342,1344,1346,1348,1351,1353,1355,1357,1360,1362,1364,1366,1368,1371,1373,1375,1377,1380,1382,1384,1386,1388,1391,1393,1395,1397,1400,1402,1404,1406,1408,1411,1413,1415,1417,1420,1422,1424,1426,1428,1431,1433,1435,1437,1440,1442,1444,1446,1448,1451,1453,1455,1457,1460,1462,1464,1466,1468,1471,1473,1475,1477,1480,1482,1484,1486,1488,1491,1493,1495,1497,1500,1502,1504,1506,1508,1511,1513,1515,1517,1520,1522,1524,1526,1528,1531,1533,1535,1537,1540,1542,1544,1546,1548,1551,1553,1555,1557,1560,1562,1564,1566,1568,1571,1573,1575,1577,1580,1582,1584,1586,1588,1591,1593,1595,1597,1600,1602,1604,1606,1608,1611,1613,1615,1617,1620,1622,1624,1626,1628,1631,1633,1635,1637,1640,1642,1644,1646,1648,1651,1653,
	Globals: 913.589,737.7778,-0.6287963,0.0
