Plant: 0
	 Root: 1,337.0424,82.22222,-0.6794138
	X:2157,2157,2157,2157,2160,2160,2157,2155,2153,2151,2148,2146,2144,2142,2140,2137,2135,2133,2131,2128,2126,2124,2122,2120,2117,2115,2113,2111,2108,2106,2104,2102,2100,2097,2095,2093,2091,2088,2086,2084,2082,2080,2077,2075,2073,2071,2068,2066,2064,2062,2060,2057,2055,2053,2051,2048,2046,2044,2042,2040,2037,2035,2033,2031,2028,2026,2024,2022,2020,2017,2015,2013,2011,2008,2006,2004,2002,2000,1997,1995,1993,1991,1988,1986,1984,1982,1980,1977,1975,1973,1971,1968,1966,1964,1962,1960,1957,1955,1953,1951,1948,1946,1944,1942,1940,1937,1935,1933,1931,1928,1926,1924,1922,1920,1917,1915,1913,1911,1908,1906,1904,1902,1900,1897,1895,1893,1891,1888,1886,1884,1882,1880,1877,1875,1873,1871,1868,1866,1864,
	Y:664,666,668,671,673,675,677,680,682,684,686,688,691,693,695,697,700,702,704,706,708,711,713,715,717,720,722,722,722,724,726,728,731,731,733,735,737,740,740,740,740,740,742,744,746,746,746,746,746,746,746,746,746,746,746,746,746,746,746,746,746,746,746,746,746,746,746,746,746,746,746,746,746,746,746,746,746,746,746,746,746,746,746,746,746,746,746,746,746,746,746,746,746,746,746,746,746,746,746,746,746,746,746,746,746,746,746,746,746,746,746,746,746,746,746,746,746,746,746,746,746,746,746,746,746,746,746,746,746,746,746,746,746,746,746,746,746,746,746,
	 Root: 2,201.19812,-68.88889,-0.5880026
	X:2157,2157,2157,2157,2160,2160,2157,2155,2153,2151,2148,2146,2144,2142,2140,2137,2135,2133,2131,2128,2126,2124,2122,2120,2117,2115,2113,2111,2108,2106,2104,2102,2100,2097,2095,2093,2091,2088,2086,2084,2082,2082,2080,2077,2075,2073,2071,2068,2068,2066,2064,2062,2060,2060,2057,2055,2053,2051,2048,2046,2044,2042,2040,2040,2037,2035,2033,2033,2035,2037,
	Y:664,666,668,671,673,675,677,680,680,682,682,684,686,688,691,691,693,693,695,695,695,697,697,697,695,693,691,688,686,684,682,680,677,675,673,671,668,666,664,662,660,657,655,653,651,648,646,644,642,640,637,635,633,631,628,626,624,622,620,617,615,613,611,608,606,604,602,600,597,595,
	 Root: 3,400.14694,264.44446,-0.066568166
	X:2157,2157,2157,2157,2160,2160,2160,2160,2160,2160,2160,2160,2157,2157,2157,2157,2157,2157,2157,2157,2157,2157,2157,2157,2155,2155,2155,2153,2153,2153,2153,2153,2153,2153,2153,2153,2153,2153,2153,2155,2157,2157,2160,2162,2164,2164,2164,2166,2168,2171,2173,2175,2177,2180,2182,2184,2186,2188,2191,2193,2195,2197,2200,2202,2204,2206,2208,2211,2213,2215,2217,2220,2222,2224,2226,2228,2231,2233,2235,2237,2240,2242,2244,2246,2248,2251,2253,2255,2257,2260,2262,2264,2266,2268,2271,2273,2275,2277,2280,2282,2284,2286,2288,2291,2293,2295,2297,2300,2302,2304,2306,2308,2311,2313,2315,2315,2317,2320,2322,2322,2324,2326,2326,2328,2331,2333,2335,2335,2337,2340,2340,2342,2344,2346,2348,2348,2351,2353,2355,2357,2360,2362,2364,2364,2366,2368,2371,2373,2375,2377,
	Y:664,666,668,671,673,675,677,680,682,684,686,688,691,693,695,697,700,702,704,706,708,711,713,715,717,720,722,724,726,728,731,733,735,737,740,742,744,746,748,751,753,755,757,760,762,764,766,768,771,773,775,777,780,780,780,780,780,780,780,780,780,780,780,780,780,780,780,780,782,784,786,788,788,788,788,788,788,788,791,793,795,797,797,797,797,797,797,800,802,804,804,804,804,804,806,808,811,813,815,817,820,822,824,826,828,831,833,835,837,840,842,844,846,848,851,853,855,857,860,862,864,866,868,871,873,875,877,880,882,884,886,888,891,893,895,897,900,902,904,906,908,911,913,915,917,920,922,924,926,928,
	 Root: 4,710.90393,613.3334,0.16219883
	X:2157,2157,2157,2157,2160,2160,2160,2160,2160,2160,2160,2160,2157,2157,2157,2157,2157,2157,2157,2157,2157,2157,2157,2157,2155,2155,2155,2153,2153,2153,2153,2153,2153,2153,2153,2153,2153,2153,2153,2155,2157,2157,2160,2162,2164,2164,2164,2166,2168,2168,2171,2173,2173,2173,2175,2177,2180,2180,2182,2184,2184,2184,2186,2188,2191,2193,2193,2193,2195,2197,2200,2200,2202,2204,2206,2208,2208,2208,2208,2211,2213,2213,2215,2217,2217,2220,2222,2222,2224,2226,2226,2226,2228,2231,2233,2233,2235,2237,2240,2240,2240,2242,2244,2246,2246,2246,2248,2251,2251,2253,2255,2255,2255,2257,2260,2260,2262,2264,2264,2264,2266,2268,2268,2271,2273,2273,2273,2275,2277,2277,2277,2280,2282,2282,2282,2284,2286,2286,2286,2288,2291,2291,2291,2293,2295,2295,2295,2297,2300,2300,2300,2302,2302,2302,2304,2304,2306,2306,2308,2308,2308,2311,2311,2311,2313,2313,2313,2315,2317,2317,2317,2320,2320,2320,2322,2322,2324,2324,2326,2326,2328,2328,2328,2331,2331,2331,2331,2333,2333,2333,2335,2335,2337,2337,2337,2337,2340,2340,2340,2340,2342,2342,2342,2344,2344,2344,2346,2346,2346,2346,2346,2348,2348,2348,2348,2351,2351,2351,2351,2351,2353,2353,2353,2353,2355,2355,2355,2355,2357,2357,2357,2357,2360,2360,2360,2360,2362,2362,2362,2362,2362,2364,2364,2364,2364,2366,2366,2366,2368,2368,2368,2368,2368,2368,2371,2371,2371,2371,2371,2373,2373,2373,2373,2373,2375,2375,2375,2375,2375,2375,2375,2375,2375,2375,2377,2377,2380,
	Y:664,666,668,671,673,675,677,680,682,684,686,688,691,693,695,697,700,702,704,706,708,711,713,715,717,720,722,724,726,728,731,733,735,737,740,742,744,746,748,751,753,755,757,760,762,764,766,768,771,773,775,777,780,782,784,786,788,791,793,795,797,800,802,804,806,808,811,813,815,817,820,822,824,826,828,831,833,835,837,840,842,844,846,848,851,853,855,857,860,862,864,866,868,871,873,875,877,880,882,884,886,888,891,893,895,897,900,902,904,906,908,911,913,915,917,920,922,924,926,928,931,933,935,937,940,942,944,946,948,951,953,955,957,960,962,964,966,968,971,973,975,977,980,982,984,986,988,991,993,995,997,1000,1002,1004,1006,1008,1011,1013,1015,1017,1020,1022,1024,1026,1028,1031,1033,1035,1037,1040,1042,1044,1046,1048,1051,1053,1055,1057,1060,1062,1064,1066,1068,1071,1073,1075,1077,1080,1082,1084,1086,1088,1091,1093,1095,1097,1100,1102,1104,1106,1108,1111,1113,1115,1117,1120,1122,1124,1126,1128,1131,1133,1135,1137,1140,1142,1144,1146,1148,1151,1153,1155,1157,1160,1162,1164,1166,1168,1171,1173,1175,1177,1180,1182,1184,1186,1188,1191,1193,1195,1197,1200,1202,1204,1206,1208,1211,1213,1215,1217,1220,1222,1224,1226,1228,1231,1233,1235,1237,1240,1242,1244,1246,1248,1251,1253,1255,1257,1260,1262,1264,1266,1268,1271,1273,1275,1277,
	Globals: 1649.2914,613.3334,-0.6794138,0.16219883
Plant: 1
	 Root: 1,232.2167,86.66667,-0.7454195
	X:1288,1288,1288,1288,1288,1288,1288,1286,1284,1282,1280,1277,1275,1273,1271,1268,1266,1264,1262,1260,1257,1255,1253,1251,1248,1246,1244,1242,1240,1237,1235,1233,1231,1228,1226,1224,1222,1220,1217,1215,1213,1211,1208,1206,1204,1202,1200,1197,1195,1193,1191,1188,1186,1184,1182,1180,1177,1175,1173,1171,1168,1166,1164,1162,1160,1157,1155,1153,1151,1148,1146,1144,1142,1140,1137,1135,1133,1131,1128,1126,1124,1122,1120,1117,1115,1113,1111,1108,1106,1104,1102,
	Y:660,662,664,666,668,671,673,675,677,680,682,684,686,688,691,691,691,691,688,688,688,688,688,688,688,688,688,688,691,693,693,693,693,695,697,700,700,700,700,702,704,704,704,704,704,706,708,708,708,711,711,713,713,713,715,717,717,717,720,720,720,722,722,722,724,726,726,726,726,728,731,731,731,731,731,733,735,735,735,735,735,735,737,740,740,740,740,742,744,744,746,
	 Root: 2,733.4149,653.3334,0.0
	X:1288,1288,1288,1288,1288,1288,1288,1288,1288,1288,1288,1288,1288,1288,1288,1288,1288,1288,1288,1288,1288,1288,1288,1288,1288,1288,1288,1288,1288,1286,1286,1286,1286,1286,1286,1286,1286,1286,1286,1286,1286,1286,1286,1286,1286,1286,1286,1286,1286,1286,1286,1286,1286,1288,1288,1288,1288,1288,1288,1288,1288,1288,1288,1288,1288,1288,1288,1288,1288,1288,1288,1288,1288,1288,1288,1291,1293,1293,1293,1293,1293,1295,1297,1297,1297,1300,1302,1302,1302,1302,1302,1302,1302,1302,1304,1306,1306,1306,1306,1306,1306,1306,1306,1306,1306,1306,1306,1306,1308,1308,1308,1308,1308,1311,1311,1313,1313,1315,1315,1315,1315,1315,1317,1317,1317,1320,1320,1320,1320,1320,1322,1324,1324,1324,1324,1324,1324,1326,1328,1328,1328,1328,1328,1331,1333,1333,1333,1335,1335,1335,1335,1337,1337,1337,1340,1340,1340,1342,1342,1342,1342,1342,1344,1344,1346,1346,1346,1346,1348,1348,1351,1351,1351,1353,1353,1353,1353,1355,1355,1355,1357,1357,1357,1357,1360,1360,1362,1362,1362,1364,1364,1364,1364,1366,1366,1366,1368,1368,1368,1371,1371,1371,1373,1373,1373,1375,1375,1375,1377,1377,1377,1377,1380,1380,1380,1382,1382,1384,1384,1384,1386,1386,1386,1386,1388,1388,1391,1391,1391,1393,1393,1393,1395,1395,1397,1397,1397,1397,1400,1400,1402,1402,1402,1404,1404,1404,1404,1406,1408,1408,1408,1411,1413,1413,1415,1417,1417,1417,1420,1422,1424,1424,1424,1426,1428,1428,1428,1431,1433,1433,1435,1437,1437,1440,1442,1442,1444,1446,1446,1448,1451,1453,1453,1453,1455,1457,1460,1462,1464,1466,1468,1471,1473,1475,1477,
	Y:660,662,664,666,668,671,673,675,677,680,682,684,686,688,691,693,695,697,700,702,704,706,708,711,713,715,717,720,722,724,726,728,731,733,735,737,740,742,744,746,748,751,753,755,757,760,762,764,766,768,771,773,775,777,780,782,784,786,788,791,793,795,797,800,802,804,806,808,811,813,815,817,820,822,824,826,828,831,833,835,837,840,842,844,846,848,851,853,855,857,860,862,864,866,868,871,873,875,877,880,882,884,886,888,891,893,895,897,900,902,904,906,908,911,913,915,917,920,922,924,926,928,931,933,935,937,940,942,944,946,948,951,953,955,957,960,962,964,966,968,971,973,975,977,980,982,984,986,988,991,993,995,997,1000,1002,1004,1006,1008,1011,1013,1015,1017,1020,1022,1024,1026,1028,1031,1033,1035,1037,1040,1042,1044,1046,1048,1051,1053,1055,1057,1060,1062,1064,1066,1068,1071,1073,1075,1077,1080,1082,1084,1086,1088,1091,1093,1095,1097,1100,1102,1104,1106,1108,1111,1113,1115,1117,1120,1122,1124,1126,1128,1131,1133,1135,1137,1140,1142,1144,1146,1148,1151,1153,1155,1157,1160,1162,1164,1166,1168,1171,1173,1175,1177,1180,1182,1184,1186,1188,1191,1193,1195,1197,1200,1202,1204,1206,1208,1211,1213,1215,1217,1220,1222,1224,1226,1228,1231,1233,1235,1237,1240,1242,1244,1246,1248,1251,1253,1255,1257,1260,1262,1264,1266,1268,1271,1273,1275,1277,1280,1282,1284,1286,1288,1291,1293,1295,1297,1300,1302,1304,1306,1308,1311,1313,
	 Root: 3,532.49445,368.8889,-0.024385408
	X:1288,1288,1288,1288,1288,1288,1288,1288,1288,1288,1288,1288,1288,1288,1288,1288,1288,1288,1288,1288,1288,1288,1288,1288,1288,1288,1288,1288,1288,1286,1286,1286,1286,1286,1286,1286,1286,1286,1286,1286,1286,1286,1286,1286,1286,1286,1286,1286,1286,1286,1286,1286,1286,1288,1288,1288,1288,1288,1288,1288,1288,1288,1288,1288,1288,1288,1288,1288,1288,1288,1288,1288,1288,1288,1288,1291,1293,1293,1293,1293,1293,1295,1297,1297,1297,1300,1302,1302,1302,1304,1306,1308,1311,1313,1315,1317,1320,1322,1324,1326,1328,1331,1333,1335,1337,1340,1342,1344,1346,1348,1351,1353,1355,1357,1360,1362,1364,1366,1368,1371,1373,1375,1377,1380,1382,1384,1386,1388,1391,1393,1395,1397,1400,1402,1404,1406,1408,1411,1413,1415,1417,1420,1422,1424,1426,1428,1431,1433,1435,1437,1440,1442,1444,1446,1448,1451,1453,1455,1457,1460,1462,1464,1466,1468,1471,1473,1475,1477,1480,1482,1484,1486,1488,1491,1493,1495,1497,1500,1502,1504,1506,1508,1511,1513,1515,1517,1520,1522,1524,1526,1528,1531,1533,1535,1537,1540,1542,1544,1546,1548,1551,1553,1555,1557,1560,
	Y:660,662,664,666,668,671,673,675,677,680,682,684,686,688,691,693,695,697,700,702,704,706,708,711,713,715,717,720,722,724,726,728,731,733,735,737,740,742,744,746,748,751,753,755,757,760,762,764,766,768,771,773,775,777,780,782,784,786,788,791,793,795,797,800,802,804,806,808,811,813,815,817,820,822,824,826,828,831,833,835,837,840,842,844,846,848,851,853,855,857,860,862,864,866,868,871,873,875,877,880,882,884,886,888,891,893,895,897,900,902,904,906,908,911,911,913,915,917,917,920,922,924,926,928,928,928,931,933,933,935,937,937,940,940,942,942,944,946,946,948,951,951,953,953,953,955,957,957,960,962,962,962,962,964,966,966,966,968,971,971,971,973,973,973,975,977,977,980,980,982,984,984,984,984,986,988,988,991,993,993,993,993,995,997,1000,1002,1002,1004,1006,1008,1008,1008,1008,1011,1013,1013,1013,1015,1017,1020,1020,1022,1024,1026,1028,
	 Root: 4,578.1098,288.8889,0.47290662
	X:1288,1288,1288,1288,1288,1288,1288,1288,1288,1288,1288,1288,1288,1288,1288,1288,1288,1288,1288,1288,1288,1288,1291,1293,1295,1297,1300,1302,1304,1306,1308,1311,1313,1315,1317,1320,1322,1324,1326,1328,1331,1333,1335,1337,1340,1342,1344,1346,1348,1351,1353,1355,1357,1360,1362,1364,1366,1368,1371,1373,1375,1377,1380,1382,1384,1386,1388,1391,1393,1395,1397,1400,1402,1404,1406,1408,1411,1413,1415,1417,1420,1422,1424,1426,1428,1431,1433,1435,1437,1440,1442,1444,1446,1448,1451,1453,1455,1457,1460,1462,1464,1466,1468,1471,1473,1475,1477,1480,1482,1484,1486,1488,1491,1493,1495,1497,1500,1502,1504,1506,1508,1511,1513,1515,1517,1520,1522,1524,1526,1528,1531,1533,1535,1537,1540,1542,1544,1546,1548,1551,1553,1555,1557,1560,1562,1564,1566,1568,1571,1573,1575,1577,1580,1582,1584,1586,1588,1591,1593,1595,1597,1600,1602,1604,1606,1608,1611,1613,1615,1617,1620,1622,1624,1626,1628,1631,1633,1635,1637,1640,1642,1644,1646,1648,1651,1653,1655,1657,1660,1662,1664,1666,1668,1671,1673,1675,1677,1680,1682,1684,1686,1688,1691,1693,1695,1697,1700,1702,1704,1706,1708,1711,1713,1715,1717,1720,
	Y:660,662,664,666,668,671,673,675,677,680,682,684,686,688,691,693,695,697,700,702,704,706,708,711,713,715,717,720,722,724,726,728,731,733,735,737,740,742,744,746,748,751,753,755,755,757,760,762,764,764,766,768,768,771,773,773,773,775,777,780,782,782,782,784,786,786,786,788,791,791,791,791,793,793,795,797,797,800,802,802,802,802,804,806,806,808,811,811,811,813,815,815,817,820,820,820,822,822,824,824,826,828,828,831,831,833,833,833,835,835,837,837,840,842,842,844,844,846,848,848,851,851,853,853,855,855,857,857,860,860,862,862,864,864,864,866,868,868,871,871,873,873,873,873,875,877,880,880,880,880,882,882,884,886,886,888,891,891,891,891,893,895,895,895,895,897,900,900,900,900,900,902,902,904,906,906,908,911,911,911,911,913,915,915,915,915,915,917,920,920,920,920,922,924,924,926,928,928,928,928,928,931,933,933,933,935,937,940,940,940,940,942,944,944,946,948,
	 Root: 5,258.88336,115.55556,0.14888996
	X:1288,1288,1288,1288,1288,1288,1288,1288,1288,1288,1288,1288,1288,1288,1288,1288,1288,1288,1291,1293,1295,1297,1300,1302,1304,1306,1308,1311,1313,1315,1317,1320,1322,1324,1326,1328,1331,1333,1335,1337,1340,1342,1344,1346,1348,1351,1353,1355,1357,1360,1362,1364,1366,1368,1371,1373,1375,1377,1380,1382,1384,1386,1388,1391,1393,1395,1397,1400,1402,1404,1406,1408,1411,1413,1415,1417,1420,1422,1424,1426,1428,1431,1433,1435,1437,1440,1442,1444,1446,1448,1451,1453,1455,1457,1460,1462,1464,1466,1468,1471,1473,1475,1477,
	Y:660,662,664,666,668,671,673,675,677,680,682,684,686,688,691,693,695,697,700,702,704,706,708,711,711,711,711,711,711,711,711,711,711,711,713,715,715,717,720,722,724,724,726,728,728,728,731,731,733,733,733,733,735,735,735,737,737,737,740,740,740,742,742,742,744,744,744,746,746,746,748,748,748,751,751,751,751,753,753,753,755,755,755,757,757,760,760,760,762,762,762,764,764,764,766,766,768,768,771,771,773,773,775,
	Globals: 2335.1191,653.3334,-0.7454195,0.47290662
Plant: 2
	 Root: 1,422.9738,-15.555556,1.570795
	X:333,333,333,333,333,333,333,333,333,333,333,335,337,340,340,340,340,340,340,340,340,340,340,340,340,340,340,340,340,342,344,346,348,351,353,355,357,360,362,364,366,368,371,373,375,377,380,382,384,386,388,391,393,395,397,400,402,404,406,408,411,413,415,417,420,422,424,426,428,431,433,435,437,440,442,444,446,448,451,453,455,457,460,462,464,466,468,471,473,475,477,480,482,484,486,488,491,493,495,497,500,502,504,506,508,511,513,515,517,520,522,524,526,528,531,533,535,537,540,542,544,546,548,551,553,555,557,560,562,564,566,568,571,573,575,577,580,582,584,586,588,591,593,595,597,600,602,604,606,608,611,613,615,617,620,622,624,626,628,631,633,635,637,640,
	Y:633,631,628,626,624,622,620,617,615,613,611,608,606,604,602,600,597,595,593,591,588,586,584,582,580,577,575,573,571,568,566,564,562,560,557,555,553,551,548,546,544,542,540,537,535,533,531,528,528,531,531,531,531,528,528,531,528,528,528,528,531,533,535,537,540,542,544,544,544,544,544,544,544,544,544,544,544,544,544,544,544,546,546,546,548,548,548,551,551,551,553,553,553,553,555,555,555,557,557,557,557,560,560,562,562,562,564,564,564,564,566,566,568,568,568,571,571,571,573,573,575,575,575,577,577,580,580,582,582,582,582,584,584,584,586,586,588,588,591,591,593,593,595,595,597,597,600,600,600,602,602,602,604,604,604,606,608,608,611,611,613,613,615,617,
	 Root: 2,291.16544,24.444445,-1.4711276
	X:333,333,331,328,326,324,322,320,317,315,313,311,308,306,304,302,300,297,295,293,291,288,286,284,282,280,277,275,273,271,268,266,264,262,260,257,255,253,251,248,246,244,242,240,237,235,233,231,228,226,224,222,220,217,215,213,211,208,206,204,202,200,197,195,193,191,188,186,184,182,180,177,175,173,171,168,166,164,162,160,157,155,153,151,148,146,144,142,140,137,135,133,131,128,126,124,122,120,117,115,113,111,108,106,104,102,100,97,
	Y:633,631,628,626,624,622,620,617,617,617,617,617,617,620,622,624,626,628,631,633,635,637,640,642,642,642,644,646,648,651,653,655,657,657,657,657,657,660,662,664,666,666,666,666,666,666,668,671,671,671,671,671,673,675,675,675,675,675,675,677,680,680,680,680,682,684,684,684,684,684,684,684,686,688,688,688,688,688,688,688,691,691,691,693,695,695,695,695,695,695,695,693,691,688,686,684,682,680,677,675,673,671,668,666,664,662,660,657,
	 Root: 3,887.3257,842.2222,0.0656948
	X:333,333,333,333,333,333,333,333,333,333,333,333,333,333,333,333,333,333,333,333,333,333,333,333,333,333,333,333,333,333,333,333,333,333,333,333,333,333,333,335,335,337,337,337,337,337,337,337,337,337,340,340,340,340,340,340,340,340,340,340,342,342,342,342,342,342,342,342,342,342,342,344,344,344,344,344,344,344,344,344,344,344,344,344,344,344,344,344,344,344,344,344,344,344,344,344,344,344,344,344,344,346,348,346,346,346,346,346,346,346,346,346,346,346,346,346,346,346,346,346,346,346,346,346,346,346,346,346,346,348,348,348,348,348,348,348,348,348,348,348,348,348,351,351,351,351,351,351,351,351,351,351,351,353,353,353,353,353,353,353,353,353,353,353,355,355,355,355,355,355,355,355,355,355,357,357,357,357,357,357,357,357,357,357,357,357,357,357,360,360,360,360,360,360,362,362,362,362,362,362,362,362,364,364,364,364,364,364,364,364,366,368,368,368,368,368,368,368,368,368,368,368,368,371,371,371,371,373,373,373,373,373,373,375,377,377,377,377,377,377,377,377,377,380,382,382,382,382,382,382,382,382,382,382,384,384,384,384,384,384,384,386,386,386,388,391,391,391,391,391,391,391,391,393,393,393,393,393,395,397,400,400,400,400,400,400,400,400,402,402,402,402,402,404,404,404,404,404,406,406,406,406,406,408,411,411,411,411,411,411,411,411,411,411,413,415,415,415,415,415,415,415,415,417,420,420,420,420,420,420,422,422,422,422,424,424,424,424,424,426,426,426,428,428,428,428,428,428,428,428,428,428,431,433,433,433,433,433,433,433,433,433,433,433,433,435,437,437,437,437,437,437,437,437,437,437,437,437,437,437,
	Y:633,635,637,640,642,644,646,648,651,653,655,657,660,662,664,666,668,671,673,675,677,680,682,684,686,688,691,693,695,697,700,702,704,706,708,711,713,715,717,720,722,724,726,728,731,733,735,737,740,742,744,746,748,751,753,755,757,760,762,764,766,768,771,773,775,777,780,782,784,786,788,791,793,795,797,800,802,804,806,808,811,813,815,817,820,822,824,826,828,831,833,835,837,840,842,844,846,848,851,853,855,857,860,862,864,866,868,871,873,875,877,880,882,884,886,888,891,893,895,897,900,902,904,906,908,911,913,915,917,920,922,924,926,928,931,933,935,937,940,942,944,946,948,951,953,955,957,960,962,964,966,968,971,973,975,977,980,982,984,986,988,991,993,995,997,1000,1002,1004,1006,1008,1011,1013,1015,1017,1020,1022,1024,1026,1028,1031,1033,1035,1037,1040,1042,1044,1046,1048,1051,1053,1055,1057,1060,1062,1064,1066,1068,1071,1073,1075,1077,1080,1082,1084,1086,1088,1091,1093,1095,1097,1100,1102,1104,1106,1108,1111,1113,1115,1117,1120,1122,1124,1126,1128,1131,1133,1135,1137,1140,1142,1144,1146,1148,1151,1153,1155,1157,1160,1162,1164,1166,1168,1171,1173,1175,1177,1180,1182,1184,1186,1188,1191,1193,1195,1197,1200,1202,1204,1206,1208,1211,1213,1215,1217,1220,1222,1224,1226,1228,1231,1233,1235,1237,1240,1242,1244,1246,1248,1251,1253,1255,1257,1260,1262,1264,1266,1268,1271,1273,1275,1277,1280,1282,1284,1286,1288,1291,1293,1295,1297,1300,1302,1304,1306,1308,1311,1313,1315,1317,1320,1322,1324,1326,1328,1331,1333,1335,1337,1340,1342,1344,1346,1348,1351,1353,1355,1357,1360,1362,1364,1366,1368,1371,1373,1375,1377,1380,1382,1384,1386,1388,1391,1393,1395,1397,1400,1402,1404,1406,1408,1411,1413,1415,1417,1420,1422,1424,1426,1428,1431,1433,1435,1437,1440,1442,1444,1446,1448,1451,1453,1455,1457,1460,1462,1464,1466,1468,1471,1473,1475,
	 Root: 4,377.5435,288.8889,0.0
	X:333,333,333,333,333,333,333,333,333,333,333,333,333,333,333,333,333,333,333,333,333,333,333,333,333,333,333,333,333,333,333,333,333,333,333,333,333,333,333,335,335,337,337,337,337,337,337,337,337,337,340,340,342,344,346,348,351,353,355,357,360,362,364,366,368,371,371,371,371,373,375,377,377,377,380,382,384,386,388,391,393,395,397,400,402,404,406,408,411,413,415,417,420,422,424,426,428,431,433,435,437,440,442,444,446,448,451,453,455,457,460,462,464,466,468,471,473,475,477,480,482,484,486,488,491,493,495,497,500,502,504,506,508,511,513,515,517,520,522,
	Y:633,635,637,640,642,644,646,648,651,653,655,657,660,662,664,666,668,671,673,675,677,680,682,684,686,688,691,693,695,697,700,702,704,706,708,711,713,715,717,720,722,724,726,728,731,733,735,737,740,742,744,746,746,746,746,746,746,746,746,746,748,751,753,755,757,760,762,764,766,768,771,773,775,777,780,782,784,786,788,791,793,795,797,800,802,804,806,808,811,813,815,817,820,822,824,826,828,831,833,835,837,840,842,844,846,848,851,853,855,857,860,862,864,866,868,871,873,875,877,880,882,884,886,888,891,893,895,897,900,902,904,906,908,911,913,915,917,920,922,
	 Root: 5,486.43237,288.8889,0.0
	X:333,333,333,333,333,333,333,333,333,333,333,333,333,333,333,333,333,333,333,333,333,333,333,333,333,333,333,333,333,333,333,333,333,333,333,333,333,333,333,335,335,337,337,337,337,337,337,337,337,337,340,340,342,344,346,348,351,353,355,357,360,362,364,366,368,371,371,371,371,373,375,377,377,380,382,384,386,388,391,393,395,397,400,402,404,406,408,411,413,415,417,420,422,424,426,428,431,433,435,437,440,442,444,446,448,451,453,455,457,460,462,464,466,468,471,473,475,477,480,482,484,486,488,491,493,495,497,500,502,504,506,506,508,511,513,515,517,520,522,524,526,528,531,533,535,537,540,542,544,546,548,551,553,555,557,560,562,564,566,568,571,573,575,577,580,582,584,586,588,591,593,595,597,600,602,604,606,608,611,613,615,617,620,622,624,626,628,631,
	Y:633,635,637,640,642,644,646,648,651,653,655,657,660,662,664,666,668,671,673,675,677,680,682,684,686,688,691,693,695,697,700,702,704,706,708,711,713,715,717,720,722,724,726,728,731,733,735,737,740,742,744,746,746,746,746,746,746,746,746,746,748,751,753,755,757,760,762,764,766,768,771,773,775,777,780,782,784,786,788,791,793,795,797,800,802,804,806,808,808,808,808,808,808,808,808,808,808,808,808,808,808,808,808,808,808,808,808,808,808,808,808,808,808,808,808,808,808,808,808,808,808,808,808,808,808,808,808,808,811,813,815,817,820,822,824,826,828,831,833,835,837,840,842,844,846,848,851,853,855,857,860,862,864,866,868,871,873,875,877,880,882,884,886,888,891,893,893,893,893,895,897,900,902,902,904,906,906,906,908,911,911,911,913,915,915,917,920,922,
	Globals: 2465.4407,842.2222,-1.4711276,1.570795
