Plant: 0
	Globals: 0.0,0.0,0.0,0.0
Plant: 1
	 Root: 1,872.587,320.0,-1.570795
	X:1226,1224,1222,1220,1217,1215,1213,1211,1208,1206,1204,1202,1200,1197,1195,1193,1191,1188,1186,1184,1182,1180,1177,1175,1173,1171,1168,1166,1164,1162,1160,1157,1155,1153,1151,1148,1146,1144,1142,1140,1137,1135,1133,1131,1128,1126,1124,1122,1120,1117,1115,1113,1111,1108,1106,1104,1102,1100,1097,1095,1093,1091,1088,1086,1084,1082,1080,1077,1075,1073,1071,1068,1066,1064,1062,1060,1057,1055,1053,1051,1048,1046,1044,1042,1040,1037,1035,1033,1031,1028,1026,1024,1022,1020,1017,1015,1013,1011,1008,1006,1004,1002,1000,997,995,993,991,988,986,984,982,980,977,975,973,971,968,966,964,962,960,957,955,953,951,948,946,944,942,940,937,935,933,931,928,926,924,922,920,917,915,913,911,908,906,904,902,900,897,895,893,891,888,886,884,882,880,877,875,873,871,868,866,864,862,860,857,855,853,851,848,846,844,842,840,837,835,833,831,828,826,824,822,820,817,815,813,811,808,806,804,802,800,797,795,793,791,788,786,784,782,780,777,775,773,771,768,766,764,762,760,757,755,753,751,748,746,744,742,740,737,735,733,731,728,726,726,724,722,722,722,720,720,720,720,720,720,720,720,720,717,717,715,715,715,713,713,711,711,711,708,706,704,702,700,700,697,695,693,693,693,693,693,693,693,693,693,693,693,693,693,693,693,693,693,693,693,693,693,693,693,693,693,693,693,693,695,697,697,697,697,697,697,697,697,697,697,697,697,697,697,697,697,697,697,697,697,697,697,697,697,697,697,697,697,697,697,697,697,697,695,693,693,693,693,691,688,688,686,684,682,682,682,680,677,675,673,671,668,666,664,662,660,657,655,653,651,648,646,644,642,
	Y:728,731,733,735,737,740,742,744,746,748,748,748,748,751,753,755,755,755,755,755,755,755,755,755,755,755,755,755,755,755,755,755,755,755,755,755,755,755,755,753,751,748,746,744,742,740,737,735,733,731,731,731,728,726,724,722,720,720,717,715,713,711,708,708,708,708,708,708,708,708,708,708,708,708,708,708,708,708,708,708,708,708,708,708,708,708,708,708,708,708,708,708,708,708,708,708,708,708,708,708,708,708,708,708,708,708,708,708,708,708,708,708,708,708,708,708,708,708,708,708,708,708,708,708,708,708,708,708,708,708,708,708,708,708,708,708,708,708,708,708,708,708,708,708,708,708,708,708,708,708,708,708,708,708,708,708,708,708,708,708,708,708,708,708,708,708,708,708,708,708,708,708,708,708,708,708,708,708,708,708,708,708,708,708,708,708,708,708,708,708,708,708,711,713,715,717,720,722,724,726,728,731,733,735,737,740,742,744,746,746,746,746,746,746,746,748,751,753,755,757,760,762,764,766,768,771,773,775,777,780,782,784,786,788,791,793,795,797,800,802,804,806,808,811,813,815,817,820,822,824,826,828,831,833,835,837,840,842,844,846,848,851,853,855,857,860,862,864,866,868,871,873,875,877,880,882,884,886,888,891,893,895,897,900,902,904,906,908,911,913,915,917,920,922,924,926,928,931,933,935,937,940,942,944,946,948,951,953,955,957,960,962,964,966,968,971,973,975,977,980,982,984,986,988,991,993,995,997,1000,1002,1004,1006,1008,1011,1013,1015,1017,1020,1022,1024,1026,1028,1031,1033,1035,1037,1040,1042,1044,1046,1048,
	 Root: 2,171.80827,-164.44444,-1.570795
	X:1226,1226,1226,1226,1226,1226,1226,1226,1226,1226,1226,1226,1226,1226,1226,1226,1226,1226,1226,1226,1226,1226,1226,1226,1226,1226,1226,1226,1226,1226,1226,1226,1226,1228,1231,1233,1233,1233,1233,1233,1233,1233,1233,1233,1233,1233,1233,1233,1233,1233,1233,1233,1231,1228,1228,1228,1228,1228,1228,1228,1228,1228,1228,1228,1226,1224,1224,1224,1224,1224,1224,1224,1224,1224,1222,
	Y:728,726,724,722,720,717,715,713,711,708,706,704,702,700,697,695,693,691,688,686,684,682,680,677,675,673,671,668,666,664,662,660,657,655,653,651,648,646,644,642,640,637,635,633,631,628,626,624,622,620,617,615,613,611,608,606,604,602,600,597,595,593,591,588,586,584,582,580,577,575,573,571,568,566,564,
	 Root: 3,340.78967,77.77778,0.5349551
	X:1226,1226,1226,1226,1226,1226,1226,1226,1228,1231,1231,1231,1231,1231,1231,1233,1235,1237,1240,1242,1244,1246,1248,1251,1253,1255,1257,1260,1262,1264,1266,1268,1271,1273,1275,1277,1280,1282,1284,1286,1288,1291,1293,1295,1297,1300,1302,1304,1306,1308,1311,1313,1315,1317,1320,1322,1324,1326,1328,1331,1333,1335,1337,1340,1342,1344,1346,1348,1351,1353,1355,1357,1360,1362,1364,1366,1368,1371,1373,1375,1377,1380,1382,1384,1386,1388,1391,1393,1395,1397,1400,1402,1404,1406,1408,1411,1413,1415,1417,1420,1422,1424,1426,1428,1431,1433,1435,1437,1440,1442,1444,1446,1448,1451,1453,1455,1457,1460,1462,1464,1466,1468,1471,1473,1475,1477,1480,1482,1484,1486,1488,1491,1493,1495,1497,1500,1502,1504,1506,1508,1511,1513,1515,1517,
	Y:728,731,733,735,737,740,742,744,746,748,751,753,755,757,760,762,764,766,768,771,773,775,777,780,782,784,786,788,788,788,788,788,788,788,786,786,786,786,786,786,786,786,786,786,788,791,791,791,791,791,791,793,795,795,795,795,795,795,795,795,795,795,795,795,795,795,795,797,800,802,802,802,802,802,802,802,802,802,802,802,802,802,802,802,802,802,802,802,802,802,802,802,802,802,802,802,802,802,802,802,802,802,802,802,802,802,802,802,802,802,802,802,802,802,802,802,802,802,802,802,802,802,804,806,806,806,806,806,806,806,806,806,806,806,806,806,806,806,806,806,806,806,806,806,
	 Root: 4,428.27325,355.55557,0.48833394
	X:1226,1226,1226,1226,1226,1226,1226,1226,1228,1231,1231,1231,1231,1231,1231,1233,1235,1237,1240,1242,1244,1246,1248,1251,1253,1255,1257,1257,1257,1260,1262,1262,1264,1266,1268,1271,1273,1275,1277,1280,1282,1282,1282,1282,1282,1282,1282,1282,1282,1280,1280,1280,1280,1280,1277,1277,1277,1275,1273,1273,1271,1268,1266,1264,1264,1264,1264,1264,1264,1264,1264,1264,1264,1264,1264,1264,1264,1264,1264,1264,1264,1264,1262,1260,1257,1255,1253,1251,1248,1248,1248,1248,1246,1244,1244,1242,1240,1240,1240,1237,1235,1235,1235,1235,1233,1231,1231,1228,1226,1226,1226,1224,1222,1222,1222,1222,1220,1217,1217,1217,1215,1213,1213,1211,1208,1208,1206,1204,1204,1204,1202,1200,1197,1197,1195,1193,1193,1193,1191,1188,1188,1186,1184,1184,1182,1180,1180,1177,1177,1175,1173,1173,1173,1173,1171,1168,1168,1168,1166,1164,1162,
	Y:728,731,733,735,737,740,742,744,746,748,751,753,755,757,760,762,764,766,768,771,773,775,777,780,782,784,786,788,791,793,795,797,800,802,804,806,808,811,813,815,817,820,822,824,826,828,831,833,835,837,840,842,844,846,848,851,853,855,857,860,862,864,866,868,871,873,875,877,880,882,884,886,888,891,893,895,897,900,902,904,906,908,911,913,915,917,920,922,924,926,928,931,933,935,937,940,942,944,946,948,951,953,955,957,960,962,964,966,968,971,973,975,977,980,982,984,986,988,991,993,995,997,1000,1002,1004,1006,1008,1011,1013,1015,1017,1020,1022,1024,1026,1028,1031,1033,1035,1037,1040,1042,1044,1046,1048,1051,1053,1055,1057,1060,1062,1064,1066,1068,1071,1073,1075,1077,1080,1082,1084,
	 Root: 5,837.3855,771.11115,0.2415657
	X:1226,1226,1226,1226,1226,1226,1226,1226,1228,1231,1231,1231,1231,1231,1231,1233,1235,1237,1240,1242,1244,1246,1248,1251,1253,1255,1257,1257,1257,1260,1262,1262,1264,1266,1268,1271,1273,1275,1277,1280,1282,1282,1282,1282,1282,1282,1282,1282,1282,1280,1280,1280,1280,1280,1277,1277,1277,1275,1273,1273,1271,1268,1266,1264,1264,1264,1264,1264,1264,1264,1264,1264,1264,1264,1264,1264,1264,1264,1264,1264,1264,1264,1264,1264,1264,1264,1266,1268,1271,1271,1271,1271,1271,1271,1271,1271,1271,1271,1271,1273,1273,1273,1275,1277,1277,1277,1277,1277,1277,1277,1277,1277,1280,1282,1282,1282,1282,1282,1282,1282,1282,1282,1282,1282,1282,1282,1284,1286,1288,1288,1288,1288,1288,1288,1288,1288,1288,1288,1288,1291,1293,1293,1293,1293,1293,1293,1293,1293,1293,1293,1293,1293,1295,1297,1300,1300,1300,1300,1300,1300,1300,1300,1300,1300,1300,1300,1302,1304,1306,1306,1306,1306,1306,1306,1306,1306,1306,1306,1306,1306,1308,1311,1313,1313,1313,1313,1313,1313,1313,1313,1313,1313,1313,1313,1313,1315,1317,1320,1320,1320,1320,1320,1320,1320,1320,1320,1322,1324,1326,1326,1326,1326,1326,1326,1326,1326,1326,1326,1326,1326,1326,1326,1328,1331,1331,1331,1331,1331,1331,1331,1331,1331,1333,1335,1335,1335,1335,1335,1335,1335,1335,1335,1335,1335,1335,1337,1340,1340,1340,1340,1340,1340,1340,1340,1340,1340,1340,1340,1340,1340,1340,1340,1340,1340,1340,1340,1340,1340,1340,1340,1340,1340,1340,1340,1340,1340,1340,1340,1340,1340,1340,1340,1340,1340,1340,1340,1340,1340,1340,1340,1340,1340,1340,1340,1340,1340,1340,1340,1340,1340,1340,1340,1340,1340,1340,1340,1340,1340,1340,1340,1340,1340,1340,1340,1340,1340,1340,1340,1340,1340,1340,1340,1340,1340,1340,1340,1340,1340,1340,1340,1340,1340,1340,1340,1340,1340,1340,1340,1340,1340,1340,1340,1340,1337,1335,1333,1331,1328,
	Y:728,731,733,735,737,740,742,744,746,748,751,753,755,757,760,762,764,766,768,771,773,775,777,780,782,784,786,788,791,793,795,797,800,802,804,806,808,811,813,815,817,820,822,824,826,828,831,833,835,837,840,842,844,846,848,851,853,855,857,860,862,864,866,868,871,873,875,877,880,882,884,886,888,891,893,895,897,900,902,904,906,908,911,913,915,917,920,922,924,926,928,931,933,935,937,940,942,944,946,948,951,953,955,957,960,962,964,966,968,971,973,975,977,980,982,984,986,988,991,993,995,997,1000,1002,1004,1006,1008,1011,1013,1015,1017,1020,1022,1024,1026,1028,1031,1033,1035,1037,1040,1042,1044,1046,1048,1051,1053,1055,1057,1060,1062,1064,1066,1068,1071,1073,1075,1077,1080,1082,1084,1086,1088,1091,1093,1095,1097,1100,1102,1104,1106,1108,1111,1113,1115,1117,1120,1122,1124,1126,1128,1131,1133,1135,1137,1140,1142,1144,1146,1148,1151,1153,1155,1157,1160,1162,1164,1166,1168,1171,1173,1175,1177,1180,1182,1184,1186,1188,1191,1193,1195,1197,1200,1202,1204,1206,1208,1211,1213,1215,1217,1220,1222,1224,1226,1228,1231,1233,1235,1237,1240,1242,1244,1246,1248,1251,1253,1255,1257,1260,1262,1264,1266,1268,1271,1273,1275,1277,1280,1282,1284,1286,1288,1291,1293,1295,1297,1300,1302,1304,1306,1308,1311,1313,1315,1317,1320,1322,1324,1326,1328,1331,1333,1335,1337,1340,1342,1344,1346,1348,1351,1353,1355,1357,1360,1362,1364,1366,1368,1371,1373,1375,1377,1380,1382,1384,1386,1388,1391,1393,1395,1397,1400,1402,1404,1406,1408,1411,1413,1415,1417,1420,1422,1424,1426,1428,1431,1433,1435,1437,1440,1442,1444,1446,1448,1451,1453,1455,1457,1460,1462,1464,1466,1468,1471,1473,1475,1477,1480,1482,1484,1486,1488,1491,1493,1495,1497,1500,
	Globals: 2650.8438,771.11115,-1.570795,0.5349551
Plant: 2
	 Root: 1,262.184,224.44446,-0.19739556
	X:693,695,697,697,697,697,697,697,695,693,691,688,686,684,684,684,684,684,684,684,684,686,688,688,691,693,693,693,693,693,693,695,695,695,695,697,697,697,697,700,700,700,700,700,700,700,700,700,700,700,700,700,700,700,700,700,700,700,700,700,700,700,700,700,700,700,697,695,693,693,693,693,693,693,693,693,691,688,688,686,684,682,682,682,680,677,675,673,671,668,666,664,662,660,657,655,653,651,648,646,644,642,
	Y:824,826,828,831,833,835,837,840,842,844,846,848,851,853,855,857,860,862,864,866,868,871,873,875,877,880,882,884,886,888,891,893,895,897,900,902,904,906,908,911,913,915,917,920,922,924,926,928,931,933,935,937,940,942,944,946,948,951,953,955,957,960,962,964,966,968,971,973,975,977,980,982,984,986,988,991,993,995,997,1000,1002,1004,1006,1008,1011,1013,1015,1017,1020,1022,1024,1026,1028,1031,1033,1035,1037,1040,1042,1044,1046,1048,
	 Root: 2,61.23633,-46.666668,1.570795
	X:693,695,697,700,702,704,706,708,708,711,711,711,713,713,713,713,715,715,717,717,720,720,720,722,
	Y:824,824,824,822,820,817,815,813,811,808,806,804,802,800,797,795,793,791,788,786,784,782,780,777,
	 Root: 3,277.2275,-168.8889,-1.570795
	X:693,691,688,686,684,682,680,677,675,673,671,668,666,664,662,660,657,655,653,651,648,646,648,651,651,651,651,651,651,651,651,651,651,648,646,644,642,640,637,635,633,631,628,626,624,622,620,617,615,613,611,608,606,604,602,600,597,595,593,591,588,586,584,582,580,577,575,573,571,568,566,564,562,560,557,555,553,551,548,546,544,542,540,537,535,533,531,528,526,524,522,520,517,515,513,511,508,506,
	Y:824,824,824,824,822,820,817,815,813,811,808,806,804,802,800,797,795,793,791,788,786,784,782,780,777,775,773,771,768,766,764,762,760,757,755,753,751,748,746,744,742,740,737,735,733,731,728,726,724,722,720,717,717,717,717,715,713,711,711,711,711,711,708,706,704,704,704,704,704,704,702,700,697,697,697,697,697,697,695,693,691,691,688,686,684,682,680,677,675,673,671,668,666,664,662,660,657,655,
	Globals: 600.6478,224.44446,-1.570795,1.570795
