Plant: 0
	 Root: 1,547.95746,484.44446,0.023251623
	X:593,593,593,593,593,593,593,593,593,593,595,595,595,595,595,595,595,595,595,595,595,595,595,595,595,595,595,595,595,595,595,595,595,595,595,595,595,595,595,595,595,595,595,595,595,595,595,593,593,593,591,591,591,588,588,588,586,586,584,584,582,582,582,580,580,580,577,577,575,575,573,573,573,571,571,571,568,568,566,566,566,564,564,562,562,560,560,560,560,557,557,557,555,555,555,555,553,553,553,553,551,551,551,548,548,548,546,546,544,544,542,542,542,542,540,540,540,537,537,537,537,537,535,533,533,533,533,531,528,528,528,528,526,524,524,524,524,524,522,520,520,520,520,520,520,520,517,515,515,513,511,511,511,511,511,508,506,506,506,504,502,502,502,502,502,500,497,497,497,495,493,491,491,491,491,491,491,488,486,484,484,484,484,484,482,480,480,477,475,473,473,473,473,473,471,468,466,466,466,466,464,462,460,460,460,460,457,455,453,453,453,453,453,451,448,448,448,446,444,
	Y:844,846,848,851,853,855,857,860,862,864,866,868,871,873,875,877,880,882,884,886,888,891,893,895,897,900,902,904,906,908,911,913,915,917,920,922,924,926,928,931,933,935,937,940,942,944,946,948,951,953,955,957,960,962,964,966,968,971,973,975,977,980,982,984,986,988,991,993,995,997,1000,1002,1004,1006,1008,1011,1013,1015,1017,1020,1022,1024,1026,1028,1031,1033,1035,1037,1040,1042,1044,1046,1048,1051,1053,1055,1057,1060,1062,1064,1066,1068,1071,1073,1075,1077,1080,1082,1084,1086,1088,1091,1093,1095,1097,1100,1102,1104,1106,1108,1111,1113,1115,1117,1120,1122,1124,1126,1128,1131,1133,1135,1137,1140,1142,1144,1146,1148,1151,1153,1155,1157,1160,1162,1164,1166,1168,1171,1173,1175,1177,1180,1182,1184,1186,1188,1191,1193,1195,1197,1200,1202,1204,1206,1208,1211,1213,1215,1217,1220,1222,1224,1226,1228,1231,1233,1235,1237,1240,1242,1244,1246,1248,1251,1253,1255,1257,1260,1262,1264,1266,1268,1271,1273,1275,1277,1280,1282,1284,1286,1288,1291,1293,1295,1297,1300,1302,1304,1306,1308,1311,1313,1315,1317,1320,1322,1324,1326,1328,
	 Root: 2,160.63179,126.66667,0.07677189
	X:593,593,593,593,593,593,593,593,593,593,595,595,595,595,595,595,595,595,595,595,595,595,595,595,595,595,595,595,595,595,595,595,595,593,591,588,586,584,582,580,577,575,573,571,568,566,564,562,560,557,555,553,551,548,546,546,546,546,546,546,544,542,542,540,537,
	Y:844,846,848,851,853,855,857,860,862,864,866,868,871,873,875,877,880,882,884,886,888,891,893,895,897,900,902,904,906,908,911,913,915,917,920,922,924,926,928,928,928,928,928,928,928,928,931,933,935,937,940,942,944,946,948,951,953,955,957,960,962,964,966,968,971,
	 Root: 3,91.361565,-68.88889,-1.570795
	X:593,593,593,593,593,593,593,593,593,591,588,586,586,588,591,593,595,597,600,602,604,606,608,611,613,615,617,620,622,624,626,628,631,
	Y:844,842,840,837,835,833,831,828,826,824,822,820,817,815,813,811,808,806,804,802,800,797,795,793,791,788,786,784,782,780,777,775,775,
	 Root: 4,392.4019,-175.55556,1.570795
	X:593,595,597,600,602,604,606,608,611,613,615,617,620,622,624,626,628,631,633,635,637,640,642,644,646,648,651,653,655,657,660,662,664,666,668,671,673,675,677,680,682,684,686,688,691,693,695,697,700,702,704,706,708,711,713,715,717,720,722,724,726,728,731,733,735,737,740,742,744,746,748,751,753,755,757,760,762,764,766,768,771,773,775,777,780,782,784,786,788,791,793,795,797,800,802,804,806,808,811,813,815,817,820,822,824,826,828,831,833,835,837,840,842,844,846,848,851,853,855,857,860,862,864,866,868,871,873,875,877,880,882,884,886,886,886,886,886,886,886,886,886,886,886,888,891,893,895,897,900,
	Y:844,844,844,844,844,844,844,844,844,844,844,844,844,844,844,844,844,844,844,844,844,844,844,844,844,844,844,844,844,844,844,844,844,844,844,844,844,842,842,842,842,840,840,840,837,837,837,835,835,835,833,833,833,833,831,831,831,831,831,831,831,831,828,826,826,826,826,824,822,820,820,820,820,817,815,813,811,811,811,811,811,808,806,804,802,800,797,797,797,797,795,793,791,788,786,784,782,780,777,775,773,771,768,766,764,764,762,760,757,755,753,751,748,746,744,742,740,737,735,733,731,728,726,724,722,720,717,715,713,711,708,706,704,702,700,697,695,693,691,688,686,684,682,680,677,675,673,671,668,
	 Root: 5,485.4847,26.666668,-0.1821683
	X:593,593,593,593,593,593,593,593,593,593,595,595,595,595,595,595,595,595,595,595,595,595,595,595,595,595,595,595,595,595,595,595,595,593,591,588,586,584,582,580,577,575,573,571,568,566,564,562,560,557,555,553,551,548,546,544,542,540,537,535,533,531,528,526,524,522,520,517,515,513,511,508,506,504,502,500,497,495,493,491,488,486,484,482,480,477,475,473,471,468,466,464,462,460,457,455,453,451,448,446,444,442,440,437,435,433,431,428,426,424,422,420,417,415,413,411,408,406,404,402,400,397,395,393,391,388,386,384,382,380,377,375,373,371,368,366,364,362,360,357,355,353,351,348,346,344,342,340,337,335,333,331,328,326,324,322,320,317,315,313,311,308,306,304,302,300,297,295,293,291,288,286,284,282,280,277,275,273,271,268,266,264,262,260,257,255,253,251,248,246,244,242,240,237,235,233,231,228,226,224,
	Y:844,846,848,851,853,855,857,860,862,864,866,868,871,873,875,877,880,882,884,886,888,891,893,895,897,900,902,904,906,908,911,913,915,917,920,922,924,926,928,928,928,928,928,928,928,928,931,933,935,935,935,937,940,940,940,940,940,940,940,940,940,940,940,940,940,940,940,940,940,942,944,944,944,944,944,944,944,944,944,944,944,944,944,944,944,942,940,940,940,940,940,937,937,937,937,935,935,935,935,933,933,933,933,931,928,928,928,928,926,926,926,924,924,924,922,922,922,922,922,922,920,917,917,917,915,915,915,913,913,913,913,913,913,911,911,908,908,908,908,908,906,906,906,906,904,904,904,902,900,900,900,900,897,897,897,897,895,895,895,893,891,891,891,891,891,888,888,888,888,886,886,886,886,886,884,882,882,882,882,882,882,880,877,877,877,877,877,877,877,877,877,875,873,871,871,871,871,871,871,871,
	Globals: 1677.8374,484.44446,-1.570795,1.570795
Plant: 1
	 Root: 1,337.0042,204.44444,-0.71883
	X:1422,1422,1422,1420,1417,1415,1413,1411,1408,1406,1404,1402,1400,1397,1395,1393,1391,1388,1386,1384,1382,1380,1380,1377,1375,1373,1371,1371,1368,1366,1364,1364,1362,1360,1357,1357,1355,1353,1351,1351,1351,1348,1346,1346,1346,1344,1342,1342,1342,1340,1340,1340,1340,1340,1337,1337,1337,1335,1333,1331,1328,1326,1324,1322,1320,1317,1315,1313,1311,1308,1306,1304,1302,1300,1297,1295,1293,1291,1288,1286,1284,1282,1280,1277,1275,1273,1271,1268,1266,1264,1262,1260,1257,1255,1253,1251,1248,1246,1244,1242,1240,1237,1235,1233,1231,1228,1226,1224,1222,1220,1217,1215,1213,1211,1208,1206,1204,1202,1200,1197,1195,1193,
	Y:817,820,822,824,826,828,831,833,835,837,840,842,844,846,848,851,853,855,857,860,862,864,866,868,871,873,875,877,880,882,884,886,888,891,893,895,897,900,902,904,906,908,911,913,915,917,920,922,924,926,928,931,933,935,937,940,942,944,946,948,951,953,955,957,960,962,964,966,968,971,971,971,971,971,971,971,971,971,973,975,975,975,975,977,980,982,982,982,982,984,984,986,988,988,988,991,993,993,993,995,997,997,997,1000,1002,1002,1002,1004,1006,1008,1008,1008,1008,1011,1013,1013,1015,1017,1020,1022,1022,1022,
	 Root: 2,988.93225,871.11115,-0.5609008
	X:1422,1422,1422,1420,1417,1415,1413,1411,1408,1406,1404,1402,1400,1397,1395,1393,1391,1388,1386,1384,1382,1380,1380,1377,1375,1373,1371,1371,1368,1366,1364,1364,1362,1360,1357,1357,1355,1353,1351,1351,1351,1348,1346,1346,1346,1344,1342,1342,1342,1340,1340,1340,1340,1340,1337,1337,1337,1337,1335,1335,1335,1335,1333,1333,1333,1331,1331,1331,1328,1328,1326,1324,1322,1320,1320,1317,1315,1315,1313,1313,1311,1308,1306,1306,1306,1306,1304,1304,1304,1302,1300,1300,1300,1297,1295,1295,1295,1295,1293,1291,1288,1288,1288,1288,1288,1288,1286,1284,1282,1282,1282,1282,1280,1277,1277,1277,1277,1277,1275,1273,1273,1273,1271,1268,1268,1268,1268,1268,1266,1264,1264,1264,1262,1260,1260,1260,1260,1260,1260,1257,1255,1255,1255,1255,1255,1255,1255,1253,1251,1251,1251,1251,1251,1248,1246,1246,1246,1246,1246,1246,1246,1244,1242,1242,1242,1242,1242,1242,1242,1242,1240,1237,1237,1237,1237,1237,1237,1237,1237,1237,1237,1235,1235,1235,1235,1233,1233,1233,1233,1233,1233,1231,1231,1231,1231,1231,1231,1231,1231,1228,1228,1228,1228,1228,1228,1228,1228,1226,1224,1224,1224,1224,1224,1224,1224,1224,1224,1224,1224,1224,1224,1224,1224,1224,1224,1224,1224,1224,1224,1224,1224,1224,1224,1222,1220,1220,1220,1220,1220,1220,1220,1220,1220,1220,1220,1220,1220,1220,1220,1220,1220,1220,1220,1220,1220,1220,1220,1220,1220,1220,1220,1220,1220,1220,1220,1220,1220,1220,1220,1220,1220,1220,1220,1220,1220,1220,1220,1220,1220,1220,1222,1224,1224,1224,1224,1224,1224,1224,1224,1224,1224,1224,1224,1224,1224,1224,1224,1224,1224,1224,1224,1224,1226,1228,1228,1228,1228,1228,1228,1228,1228,1231,1233,1233,1233,1233,1233,1233,1233,1233,1233,1233,1233,1233,1235,1237,1240,1240,1240,1240,1240,1240,1240,1240,1240,1240,1240,1240,1240,1242,1244,1244,1244,1244,1244,1244,1244,1246,1248,1251,1251,1251,1251,1251,1253,1255,1257,1257,1257,1260,1262,1264,1264,1266,1268,1271,1273,1275,1277,1277,1277,1280,1282,1284,1286,1288,1288,1288,1288,1291,1293,1295,1295,1295,1295,1297,1300,1302,1302,1302,1302,1302,1302,
	Y:817,820,822,824,826,828,831,833,835,837,840,842,844,846,848,851,853,855,857,860,862,864,866,868,871,873,875,877,880,882,884,886,888,891,893,895,897,900,902,904,906,908,911,913,915,917,920,922,924,926,928,931,933,935,937,940,942,944,946,948,951,953,955,957,960,962,964,966,968,971,973,975,977,980,982,984,986,988,991,993,995,997,1000,1002,1004,1006,1008,1011,1013,1015,1017,1020,1022,1024,1026,1028,1031,1033,1035,1037,1040,1042,1044,1046,1048,1051,1053,1055,1057,1060,1062,1064,1066,1068,1071,1073,1075,1077,1080,1082,1084,1086,1088,1091,1093,1095,1097,1100,1102,1104,1106,1108,1111,1113,1115,1117,1120,1122,1124,1126,1128,1131,1133,1135,1137,1140,1142,1144,1146,1148,1151,1153,1155,1157,1160,1162,1164,1166,1168,1171,1173,1175,1177,1180,1182,1184,1186,1188,1191,1193,1195,1197,1200,1202,1204,1206,1208,1211,1213,1215,1217,1220,1222,1224,1226,1228,1231,1233,1235,1237,1240,1242,1244,1246,1248,1251,1253,1255,1257,1260,1262,1264,1266,1268,1271,1273,1275,1277,1280,1282,1284,1286,1288,1291,1293,1295,1297,1300,1302,1304,1306,1308,1311,1313,1315,1317,1320,1322,1324,1326,1328,1331,1333,1335,1337,1340,1342,1344,1346,1348,1351,1353,1355,1357,1360,1362,1364,1366,1368,1371,1373,1375,1377,1380,1382,1384,1386,1388,1391,1393,1395,1397,1400,1402,1404,1406,1408,1411,1413,1415,1417,1420,1422,1424,1426,1428,1431,1433,1435,1437,1440,1442,1444,1446,1448,1451,1453,1455,1457,1460,1462,1464,1466,1468,1471,1473,1475,1477,1480,1482,1484,1486,1488,1491,1493,1495,1497,1500,1502,1504,1506,1508,1511,1513,1515,1517,1520,1522,1524,1526,1528,1531,1533,1535,1537,1540,1542,1544,1546,1548,1551,1553,1555,1557,1560,1562,1564,1566,1568,1571,1573,1575,1577,1580,1582,1584,1586,1588,1591,1593,1595,1597,1600,1602,1604,1606,1608,1611,1613,1615,1617,1620,1622,1624,1626,1628,1631,1633,1635,1637,1640,1642,1644,1646,1648,1651,1653,1655,1657,1660,1662,1664,1666,1668,1671,1673,1675,1677,1680,1682,1684,1686,1688,
	 Root: 3,174.59685,75.55556,1.570795
	X:1422,1424,1426,1428,1431,1433,1435,1437,1440,1442,1444,1446,1448,1451,1453,1455,1457,1460,1462,1464,1466,1468,1471,1473,1475,1477,1480,1482,1484,1486,1488,1491,1493,1495,1497,1500,1502,1504,1506,1508,1511,1513,1515,1517,1520,1522,1524,1526,1528,1531,1533,1535,1537,1540,1542,1544,1546,1548,1551,1553,1555,1557,1560,
	Y:817,817,817,817,817,817,817,817,817,817,817,817,817,817,817,817,820,822,824,826,828,831,833,835,837,840,842,844,846,848,851,853,855,857,860,862,862,862,860,857,855,855,855,855,855,857,860,862,864,866,866,868,871,873,875,877,880,882,884,886,888,891,893,
	 Root: 4,619.8472,373.33334,0.97162104
	X:1422,1424,1426,1428,1431,1433,1435,1437,1440,1442,1444,1446,1448,1451,1453,1455,1457,1460,1462,1464,1466,1468,1471,1473,1475,1477,1480,1482,1484,1486,1488,1491,1493,1495,1497,1500,1502,1504,1506,1506,1508,1511,1513,1515,1515,1517,1520,1522,1524,1526,1526,1528,1531,1533,1535,1537,1540,1540,1542,1544,1546,1548,1551,1553,1555,1557,1560,1562,1564,1566,1568,1571,1573,1575,1577,1580,1582,1584,1586,1588,1591,1593,1595,1597,1600,1602,1604,1606,1608,1611,1613,1615,1617,1620,1622,1624,1626,1628,1631,1633,1635,1637,1640,1642,1644,1646,1648,1651,1653,1655,1657,1660,1662,1664,1666,1668,1671,1673,1675,1677,1680,1682,1684,1686,1688,1691,1693,1695,1697,1700,1702,1704,1706,1708,1711,1713,1715,1717,1720,1722,1724,1726,1728,1731,1733,1735,1737,1740,1742,1744,1746,1748,1751,1753,1755,1757,1760,1762,1764,1766,1768,1771,1773,1775,1777,1780,1782,1784,1786,1788,1791,1793,1795,1797,1800,1802,1804,1806,1808,1811,1813,1815,1817,1820,1822,1824,1826,1828,1831,1833,1835,1837,1840,1842,1844,1846,1848,1851,1853,1855,1857,1860,1862,1864,1866,1868,1871,1873,1875,1877,1880,1882,
	Y:817,817,817,817,817,817,817,817,817,817,817,817,817,817,817,820,822,824,826,828,831,833,835,837,840,842,844,846,848,851,853,855,857,860,862,864,866,868,871,873,875,877,880,882,884,886,888,891,893,895,897,900,902,904,906,908,911,913,915,917,920,922,924,926,928,931,933,935,937,940,942,944,946,948,951,953,955,957,960,962,964,966,968,971,973,975,977,980,982,984,986,988,991,993,995,997,997,1000,1002,1004,1006,1008,1011,1013,1015,1017,1020,1022,1024,1026,1026,1026,1028,1031,1033,1035,1037,1040,1042,1044,1046,1048,1048,1048,1051,1053,1055,1057,1060,1062,1064,1064,1066,1068,1068,1071,1073,1075,1077,1080,1080,1082,1082,1084,1086,1088,1091,1093,1095,1095,1097,1097,1100,1102,1104,1106,1108,1108,1111,1113,1113,1115,1117,1120,1120,1122,1124,1126,1128,1128,1128,1131,1133,1135,1137,1140,1140,1140,1142,1144,1144,1146,1148,1151,1153,1153,1155,1157,1157,1157,1160,1162,1162,1162,1164,1166,1166,1168,1171,1171,1173,1175,1177,1180,1182,1182,1182,1184,1186,1188,1188,1191,
	Globals: 2120.3806,871.11115,-0.71883,1.570795
Plant: 2
	 Root: 1,411.13828,371.1111,0.058755822
	X:2242,2242,2242,2242,2242,2242,2244,2246,2248,2251,2253,2255,2255,2255,2255,2255,2255,2255,2255,2255,2255,2255,2255,2255,2253,2251,2248,2248,2248,2248,2248,2246,2246,2246,2246,2246,2246,2246,2246,2246,2246,2246,2246,2246,2246,2246,2244,2244,2244,2244,2244,2244,2244,2244,2244,2244,2244,2244,2244,2244,2244,2244,2244,2244,2244,2244,2244,2244,2244,2244,2244,2244,2244,2244,2244,2244,2244,2244,2242,2242,2242,2242,2242,2242,2242,2242,2242,2242,2242,2240,2240,2240,2240,2240,2240,2242,2244,2246,2248,2251,2253,2255,2257,2260,2262,2264,2266,2268,2271,2273,2275,2277,2280,2282,2282,2282,2282,2282,2282,2282,2282,2282,2282,2282,2282,2282,2282,2282,2282,2282,2282,2282,2282,2282,2282,2282,2282,2282,2282,2282,2282,2282,2282,2282,2282,2282,2282,2282,2282,2282,2282,2282,2282,2282,2282,2284,2286,2286,2286,2286,2286,2286,2286,2286,2286,2286,2286,2286,2286,2286,2286,2286,2286,2284,
	Y:702,704,706,708,711,713,715,717,720,722,724,726,728,731,733,735,737,740,742,744,746,748,751,753,755,757,760,762,764,766,768,771,773,775,777,780,782,784,786,788,791,793,795,797,800,802,804,806,808,811,813,815,817,820,822,824,826,828,831,833,835,837,840,842,844,846,848,851,853,855,857,860,862,864,866,868,871,873,875,877,880,882,884,886,888,891,893,895,897,900,902,904,906,908,911,913,913,913,913,913,913,913,915,917,920,922,924,926,928,931,933,935,937,940,942,944,946,948,951,953,955,957,960,962,964,966,968,971,973,975,977,980,982,984,986,988,991,993,995,997,1000,1002,1004,1006,1008,1011,1013,1015,1017,1020,1022,1024,1026,1028,1031,1033,1035,1037,1040,1042,1044,1046,1048,1051,1053,1055,1057,1060,1062,1064,1066,1068,1071,1073,
	 Root: 2,283.51294,160.0,1.1309538
	X:2242,2242,2242,2242,2244,2246,2248,2251,2253,2255,2257,2260,2262,2264,2266,2268,2271,2273,2275,2277,2280,2282,2284,2286,2288,2291,2293,2295,2297,2300,2302,2304,2306,2308,2311,2313,2315,2317,2320,2322,2324,2326,2328,2331,2333,2335,2337,2340,2342,2344,2346,2348,2351,2353,2355,2357,2360,2362,2364,2366,2368,2371,2373,2375,2377,2380,2382,2384,2386,2388,2391,2393,2395,2397,2400,2402,2404,2406,2408,2411,2413,2415,2417,2420,2422,2424,2426,2428,2431,2433,2435,2437,2440,2442,2444,2446,2448,2451,2453,2455,
	Y:702,704,706,708,711,713,715,717,720,720,720,720,720,720,720,720,720,720,720,720,720,720,720,720,720,720,720,722,724,726,726,726,728,731,733,735,737,740,740,742,744,746,748,751,753,755,755,757,757,760,762,762,764,766,768,768,771,773,775,775,777,780,782,784,786,788,791,793,795,797,800,802,804,806,808,811,813,815,817,820,822,824,826,828,831,833,835,835,837,840,842,844,846,848,851,853,855,857,860,862,
	 Root: 3,554.16644,351.1111,1.1071488
	X:2242,2242,2242,2242,2244,2246,2248,2251,2253,2255,2257,2260,2262,2264,2266,2268,2271,2273,2275,2277,2280,2282,2284,2286,2288,2291,2293,2295,2297,2300,2302,2304,2306,2308,2311,2313,2315,2317,2320,2322,2324,2326,2328,2331,2333,2335,2337,2340,2342,2344,2346,2348,2351,2353,2355,2357,2360,2362,2364,2366,2368,2371,2373,2375,2377,2380,2382,2384,2386,2388,2391,2393,2395,2397,2400,2402,2404,2406,2408,2411,2413,2415,2417,2420,2422,2424,2426,2428,2431,2433,2435,2437,2440,2442,2444,2446,2448,2451,2453,2455,2457,2460,2462,2464,2466,2468,2471,2473,2475,2477,2480,2482,2484,2486,2488,2491,2493,2495,2497,2500,2502,2504,2506,2508,2511,2513,2515,2517,2520,2522,2522,2524,2526,2528,2531,2533,2535,2537,2540,2542,2544,2546,2548,2551,2553,2555,2557,2560,2562,2564,2566,2568,2571,2573,2575,2577,2580,2582,2584,2586,2586,2588,2591,2593,2595,2597,2600,2602,2604,2606,2608,2611,2613,2615,2617,2620,2622,2624,2626,2628,2631,2633,2635,2637,2640,2637,2635,
	Y:702,704,706,708,711,713,715,717,720,720,720,720,720,720,720,720,720,720,720,720,720,720,720,720,720,720,720,722,724,726,726,726,728,731,733,735,737,740,740,742,744,746,748,751,753,755,755,757,757,760,762,762,764,766,768,768,771,773,775,775,777,780,782,784,786,788,791,793,795,797,800,802,804,806,808,811,813,815,817,820,822,824,826,828,831,833,835,835,837,840,842,844,846,848,851,853,855,857,860,862,864,866,868,871,873,875,877,877,880,882,884,886,888,891,893,895,897,900,902,904,906,908,911,913,915,917,920,922,924,926,928,931,933,935,937,940,942,944,946,948,951,953,955,957,960,962,964,966,968,971,973,975,977,980,982,984,986,988,991,993,995,997,1000,1002,1004,1006,1008,1011,1013,1015,1017,1020,1022,1024,1026,1028,1031,1033,1035,1037,1040,1042,1044,1046,1048,1051,1053,
	 Root: 4,697.478,615.55554,-0.29977608
	X:2242,2242,2242,2242,2242,2242,2242,2240,2237,2235,2233,2231,2231,2228,2228,2231,2231,2233,2233,2233,2233,2233,2233,2231,2228,2226,2226,2224,2224,2224,2222,2220,2220,2217,2217,2217,2215,2213,2213,2213,2213,2213,2213,2211,2211,2211,2211,2208,2208,2208,2206,2206,2206,2204,2204,2204,2202,2202,2202,2200,2200,2200,2197,2197,2195,2195,2195,2193,2193,2191,2191,2188,2188,2188,2186,2186,2186,2184,2184,2182,2182,2180,2180,2177,2177,2175,2173,2173,2171,2168,2168,2166,2166,2164,2164,2162,2162,2160,2157,2157,2155,2155,2153,2153,2151,2148,2148,2148,2146,2146,2144,2144,2144,2144,2142,2140,2137,2137,2137,2137,2137,2135,2133,2133,2131,2128,2128,2128,2126,2124,2124,2124,2124,2124,2122,2120,2120,2120,2117,2115,2113,2113,2113,2113,2111,2108,2108,2108,2106,2104,2104,2104,2102,2100,2100,2100,2100,2097,2095,2095,2095,2095,2095,2093,2091,2091,2091,2088,2088,2088,2088,2086,2086,2086,2086,2084,2082,2082,2082,2082,2082,2082,2080,2080,2080,2080,2080,2077,2077,2077,2077,2077,2077,2075,2075,2075,2075,2075,2073,2073,2073,2073,2073,2073,2071,2071,2071,2071,2071,2071,2071,2071,2071,2071,2071,2071,2071,2071,2068,2068,2068,2068,2068,2068,2068,2068,2068,2068,2068,2068,2068,2068,2068,2068,2068,2068,2068,2068,2068,2068,2068,2068,2068,2068,2068,2068,2071,2071,2071,2071,2071,2071,2071,2071,2073,2073,2073,2075,2075,2075,2075,2075,2075,2077,2077,2077,2077,2077,2080,2080,2080,2080,2080,2080,2082,2084,2084,2084,
	Y:702,704,706,708,711,713,715,717,720,722,724,726,728,731,733,735,737,740,742,744,746,748,751,753,755,757,760,762,764,766,768,771,773,775,777,780,782,784,786,788,791,793,795,797,800,802,804,806,808,811,813,815,817,820,822,824,826,828,831,833,835,837,840,842,844,846,848,851,853,855,857,860,862,864,866,868,871,873,875,877,880,882,884,886,888,891,893,895,897,900,902,904,906,908,911,913,915,917,920,922,924,926,928,931,933,935,937,940,942,944,946,948,951,953,955,957,960,962,964,966,968,971,973,975,977,980,982,984,986,988,991,993,995,997,1000,1002,1004,1006,1008,1011,1013,1015,1017,1020,1022,1024,1026,1028,1031,1033,1035,1037,1040,1042,1044,1046,1048,1051,1053,1055,1057,1060,1062,1064,1066,1068,1071,1073,1075,1077,1080,1082,1084,1086,1088,1091,1093,1095,1097,1100,1102,1104,1106,1108,1111,1113,1115,1117,1120,1122,1124,1126,1128,1131,1133,1135,1137,1140,1142,1144,1146,1148,1151,1153,1155,1157,1160,1162,1164,1166,1168,1171,1173,1175,1177,1180,1182,1184,1186,1188,1191,1193,1195,1197,1200,1202,1204,1206,1208,1211,1213,1215,1217,1220,1222,1224,1226,1228,1231,1233,1235,1237,1240,1242,1244,1246,1248,1251,1253,1255,1257,1260,1262,1264,1266,1268,1271,1273,1275,1277,1280,1282,1284,1286,1288,1291,1293,1295,1297,1300,1302,1304,1306,1308,1311,1313,1315,1317,
	 Root: 5,1026.1055,900.0,-0.3328202
	X:2242,2242,2242,2242,2242,2242,2242,2240,2237,2235,2233,2231,2231,2228,2228,2231,2231,2233,2233,2233,2233,2233,2233,2231,2228,2226,2226,2224,2224,2224,2222,2220,2220,2217,2217,2217,2215,2213,2213,2213,2213,2213,2213,2211,2211,2211,2211,2208,2208,2208,2206,2206,2206,2204,2204,2204,2202,2202,2202,2200,2200,2200,2197,2197,2195,2195,2195,2193,2193,2191,2191,2188,2188,2188,2186,2186,2186,2184,2184,2182,2182,2180,2180,2177,2177,2175,2173,2173,2171,2168,2168,2166,2166,2164,2164,2162,2162,2160,2157,2157,2155,2155,2153,2153,2151,2148,2148,2148,2146,2146,2144,2144,2144,2144,2142,2140,2137,2137,2137,2137,2137,2135,2133,2133,2131,2128,2128,2128,2126,2124,2124,2124,2124,2124,2122,2120,2120,2120,2117,2115,2113,2113,2113,2113,2111,2108,2108,2108,2106,2104,2104,2104,2102,2100,2100,2100,2100,2097,2095,2095,2095,2095,2095,2093,2091,2091,2091,2088,2088,2088,2088,2086,2086,2086,2086,2084,2082,2082,2082,2082,2082,2082,2080,2080,2080,2080,2080,2077,2077,2077,2077,2077,2077,2075,2075,2075,2075,2075,2073,2073,2073,2073,2073,2073,2071,2071,2071,2071,2071,2071,2071,2071,2071,2071,2071,2071,2071,2071,2068,2068,2068,2068,2068,2068,2068,2068,2068,2068,2068,2068,2068,2068,2068,2068,2068,2068,2068,2068,2068,2068,2068,2068,2068,2068,2068,2068,2071,2071,2071,2071,2071,2071,2071,2071,2073,2073,2073,2075,2075,2075,2075,2075,2075,2077,2077,2077,2077,2077,2080,2080,2080,2080,2080,2080,2082,2084,2084,2084,2084,2086,2086,2086,2086,2086,2086,2088,2088,2088,2088,2088,2091,2091,2091,2091,2091,2091,2091,2091,2093,2095,2095,2095,2095,2097,2100,2100,2100,2100,2100,2102,2104,2104,2104,2104,2106,2108,2108,2108,2108,2108,2111,2113,2113,2113,2113,2115,2117,2117,2117,2117,2120,2122,2122,2122,2122,2124,2126,2126,2126,2126,2126,2128,2128,2131,2131,2133,2135,2137,2137,2137,2140,2142,2142,2142,2142,2144,2146,2146,2146,2148,2151,2151,2151,2151,2153,2155,2155,2155,2157,2160,2160,2160,2160,2162,2164,2164,2164,2164,2166,2168,2168,2168,2171,2173,2173,2173,2175,2177,2177,2180,2182,2182,2182,2182,2182,2182,2182,2182,2184,2186,2186,2186,2186,2188,2191,2191,
	Y:702,704,706,708,711,713,715,717,720,722,724,726,728,731,733,735,737,740,742,744,746,748,751,753,755,757,760,762,764,766,768,771,773,775,777,780,782,784,786,788,791,793,795,797,800,802,804,806,808,811,813,815,817,820,822,824,826,828,831,833,835,837,840,842,844,846,848,851,853,855,857,860,862,864,866,868,871,873,875,877,880,882,884,886,888,891,893,895,897,900,902,904,906,908,911,913,915,917,920,922,924,926,928,931,933,935,937,940,942,944,946,948,951,953,955,957,960,962,964,966,968,971,973,975,977,980,982,984,986,988,991,993,995,997,1000,1002,1004,1006,1008,1011,1013,1015,1017,1020,1022,1024,1026,1028,1031,1033,1035,1037,1040,1042,1044,1046,1048,1051,1053,1055,1057,1060,1062,1064,1066,1068,1071,1073,1075,1077,1080,1082,1084,1086,1088,1091,1093,1095,1097,1100,1102,1104,1106,1108,1111,1113,1115,1117,1120,1122,1124,1126,1128,1131,1133,1135,1137,1140,1142,1144,1146,1148,1151,1153,1155,1157,1160,1162,1164,1166,1168,1171,1173,1175,1177,1180,1182,1184,1186,1188,1191,1193,1195,1197,1200,1202,1204,1206,1208,1211,1213,1215,1217,1220,1222,1224,1226,1228,1231,1233,1235,1237,1240,1242,1244,1246,1248,1251,1253,1255,1257,1260,1262,1264,1266,1268,1271,1273,1275,1277,1280,1282,1284,1286,1288,1291,1293,1295,1297,1300,1302,1304,1306,1308,1311,1313,1315,1317,1320,1322,1324,1326,1328,1331,1333,1335,1337,1340,1342,1344,1346,1348,1351,1353,1355,1357,1360,1362,1364,1366,1368,1371,1373,1375,1377,1380,1382,1384,1386,1388,1391,1393,1395,1397,1400,1402,1404,1406,1408,1411,1413,1415,1417,1420,1422,1424,1426,1428,1431,1433,1435,1437,1440,1442,1444,1446,1448,1451,1453,1455,1457,1460,1462,1464,1466,1468,1471,1473,1475,1477,1480,1482,1484,1486,1488,1491,1493,1495,1497,1500,1502,1504,1506,1508,1511,1513,1515,1517,1520,1522,1524,1526,1528,1531,1533,1535,1537,1540,1542,1544,1546,1548,1551,1553,1555,1557,1560,1562,1564,1566,1568,1571,1573,1575,1577,1580,1582,1584,1586,1588,1591,1593,1595,1597,1600,1602,
	Globals: 2972.4011,900.0,-0.3328202,1.1309538
