Plant: 0
	 Root: 1,521.92255,242.22223,-0.17759617
	X:2348,2351,2353,2353,2355,2355,2357,2360,2362,2362,2362,2362,2362,2362,2362,2362,2362,2362,2362,2362,2360,2360,2360,2360,2360,2360,2360,2360,2357,2355,2353,2351,2348,2346,2344,2342,2340,2337,2335,2333,2331,2328,2326,2324,2322,2320,2317,2315,2313,2311,2308,2306,2304,2302,2300,2297,2295,2293,2291,2288,2286,2284,2282,2280,2277,2275,2273,2271,2268,2266,2264,2262,2260,2257,2255,2253,2251,2248,2246,2244,2242,2240,2237,2235,2233,2231,2228,2226,2224,2222,2220,2217,2215,2213,2211,2208,2206,2204,2202,2200,2197,2195,2193,2191,2188,2186,2184,2182,2180,2177,2175,2173,2171,2168,2166,2164,2162,2160,2157,2155,2153,2151,2148,2146,2144,2142,2140,2137,2135,2133,2131,2128,2126,2124,2122,2120,2117,2115,2113,2111,2108,2106,2104,2102,2100,2097,2095,2093,2091,2088,2086,2084,2082,2080,2077,2075,2073,2071,2068,2066,2064,2062,2060,2057,2055,2053,2051,2048,2046,2044,2042,2040,2037,2035,2033,2031,2028,2026,2024,2022,2020,2017,2015,2013,2011,2008,2006,2004,2002,2000,1997,1995,1993,1991,1988,1986,1984,1982,1980,
	Y:746,748,751,753,755,757,760,762,764,766,768,771,773,775,777,780,782,784,786,788,791,793,795,797,800,802,804,806,808,811,813,815,817,820,822,824,826,828,831,833,835,837,840,842,844,846,848,851,853,855,857,860,860,862,864,866,868,868,871,873,873,873,875,877,880,880,880,880,880,880,880,880,880,882,884,886,888,888,891,893,893,893,893,893,893,893,893,893,893,893,893,893,893,893,893,893,893,893,893,893,895,897,900,902,902,902,902,902,902,902,902,902,902,902,902,902,904,906,908,911,911,911,911,911,911,913,915,915,915,915,915,915,915,915,915,915,915,915,915,915,915,915,915,917,920,922,922,922,922,924,926,928,928,928,928,931,933,933,933,935,937,937,940,942,942,942,944,946,948,948,948,951,953,953,955,957,960,960,960,960,962,964,966,968,971,971,971,971,973,975,975,977,980,980,980,982,984,986,988,
	 Root: 2,526.3288,373.33334,-0.08314124
	X:2348,2351,2353,2353,2355,2355,2357,2360,2362,2362,2362,2362,2362,2362,2362,2362,2362,2362,2362,2362,2360,2360,2360,2360,2360,2360,2360,2360,2360,2357,2355,2353,2351,2348,2346,2344,2342,2340,2337,2335,2333,2331,2328,2326,2324,2322,2320,2317,2315,2313,2311,2308,2306,2304,2302,2300,2300,2300,2300,2300,2300,2300,2300,2300,2300,2300,2300,2300,2300,2300,2297,2295,2293,2291,2288,2286,2286,2284,2282,2280,2277,2275,2273,2273,2271,2268,2266,2264,2262,2260,2257,2257,2255,2253,2251,2248,2246,2244,2242,2240,2237,2235,2233,2231,2228,2226,2224,2222,2220,2217,2215,2213,2211,2208,2206,2204,2202,2200,2197,2195,2193,2191,2188,2186,2184,2182,2180,2177,2175,2173,2171,2168,2166,2164,2162,2160,2157,2155,2153,2151,2148,2146,2144,2142,2140,2137,2135,2133,2131,2128,2126,2124,2122,2120,2117,2115,2113,2111,2108,2106,2104,2102,2100,2097,2095,2093,2091,2088,2086,2084,2082,2080,2077,2075,2073,2071,2068,2066,2064,2062,2060,2057,2055,2053,
	Y:746,748,751,753,755,757,760,762,764,766,768,771,773,775,777,780,782,784,786,788,791,793,795,797,800,802,804,806,808,811,813,815,817,820,822,824,826,828,831,833,835,837,840,842,844,846,848,851,853,855,857,860,862,864,866,868,871,873,875,877,880,882,884,886,888,891,893,895,897,900,902,904,906,908,911,913,915,917,920,922,924,926,928,931,933,935,937,940,942,944,946,948,951,953,955,957,960,962,964,966,968,971,973,975,977,980,982,984,986,988,991,993,993,993,995,997,1000,1002,1004,1006,1008,1011,1013,1015,1017,1020,1022,1022,1022,1024,1026,1026,1028,1031,1033,1035,1037,1040,1042,1044,1046,1048,1051,1053,1055,1057,1060,1062,1064,1066,1068,1068,1071,1073,1075,1077,1080,1082,1082,1084,1086,1088,1091,1093,1095,1097,1097,1097,1100,1102,1104,1104,1106,1108,1111,1113,1113,1113,1113,1113,1115,1117,1120,1120,
	 Root: 3,421.31793,302.22223,0.09966865
	X:2348,2351,2353,2353,2355,2355,2357,2360,2362,2362,2362,2362,2362,2362,2362,2362,2362,2362,2362,2362,2360,2360,2360,2360,2360,2360,2360,2360,2360,2357,2355,2353,2351,2348,2346,2344,2342,2340,2337,2335,2333,2331,2328,2326,2324,2322,2320,2317,2315,2313,2311,2308,2306,2304,2302,2300,2300,2300,2300,2300,2300,2300,2300,2300,2300,2300,2300,2300,2300,2300,2297,2295,2293,2291,2288,2286,2286,2284,2282,2280,2277,2275,2273,2273,2271,2268,2266,2264,2262,2260,2257,2257,2255,2253,2251,2248,2246,2244,2242,2240,2237,2235,2233,2231,2228,2226,2224,2222,2220,2217,2215,2213,2211,2208,2206,2204,2202,2200,2197,2195,2193,2191,2188,2186,2184,2182,2180,2177,2175,2173,2171,2168,2166,2164,2162,2160,2157,2155,2153,2151,2148,2146,2144,2142,2140,2137,2135,2133,2131,2128,
	Y:746,748,751,753,755,757,760,762,764,766,768,771,773,775,777,780,782,784,786,788,791,793,795,797,800,802,804,806,808,811,813,815,817,820,822,824,826,828,831,833,835,837,840,842,844,846,848,851,853,855,857,860,862,864,866,868,871,873,875,877,880,882,884,886,888,891,893,895,897,900,902,904,906,908,911,913,915,917,920,922,924,926,928,931,933,935,937,940,942,944,946,948,951,953,955,957,960,962,964,966,968,971,973,975,977,980,982,984,986,988,991,993,993,993,995,997,1000,1002,1004,1006,1008,1011,1013,1015,1017,1020,1022,1022,1022,1024,1026,1026,1026,1028,1031,1033,1035,1037,1040,1042,1042,1042,1042,1042,1042,1042,1042,1044,1046,1048,
	 Root: 4,909.7711,871.11115,0.012819811
	X:2348,2351,2353,2353,2355,2355,2357,2360,2362,2362,2362,2362,2362,2362,2362,2362,2362,2362,2362,2362,2360,2360,2360,2360,2360,2360,2360,2360,2360,2360,2360,2360,2360,2357,2355,2353,2351,2348,2346,2348,2351,2351,2351,2351,2351,2351,2351,2351,2351,2353,2355,2357,2357,2357,2357,2357,2357,2357,2357,2357,2357,2357,2357,2357,2357,2357,2357,2357,2355,2353,2351,2351,2351,2351,2351,2351,2351,2351,2351,2351,2351,2351,2351,2351,2351,2351,2351,2351,2351,2351,2351,2351,2351,2351,2351,2351,2351,2351,2351,2351,2351,2351,2351,2351,2351,2351,2351,2351,2351,2351,2351,2351,2351,2351,2351,2351,2351,2351,2351,2351,2351,2351,2351,2351,2351,2351,2351,2351,2351,2351,2351,2353,2355,2355,2355,2355,2355,2355,2355,2355,2355,2355,2355,2355,2355,2355,2355,2355,2355,2355,2355,2355,2355,2355,2355,2355,2355,2355,2355,2355,2355,2355,2355,2355,2355,2355,2355,2355,2355,2355,2355,2355,2355,2355,2355,2355,2355,2355,2355,2355,2355,2355,2355,2353,2351,2351,2351,2351,2351,2351,2351,2351,2351,2351,2348,2348,2348,2348,2348,2348,2348,2348,2348,2348,2346,2344,2344,2344,2344,2344,2344,2344,2344,2344,2344,2344,2344,2344,2344,2344,2342,2342,2342,2342,2342,2342,2342,2342,2340,2340,2340,2340,2340,2340,2340,2340,2340,2340,2340,2340,2337,2337,2337,2337,2337,2337,2337,2337,2337,2337,2337,2337,2335,2335,2335,2335,2335,2335,2335,2335,2335,2335,2335,2335,2335,2335,2335,2335,2335,2335,2333,2333,2333,2333,2333,2333,2333,2333,2333,2333,2331,2331,2331,2331,2331,2331,2331,2331,2331,2328,2328,2328,2328,2328,2328,2328,2328,2328,2328,2328,2328,2328,2328,2328,2326,2326,2326,2326,2326,2326,2326,2326,2326,2326,2326,2326,2324,2324,2324,2324,2324,2324,2324,2324,2324,2324,2324,2324,2324,2324,2324,2324,2324,2324,2324,2324,2324,2324,2322,2322,2322,2322,2322,2322,2322,2322,2322,2322,2322,2320,2320,2320,2320,2320,2320,2320,2320,2320,2320,2320,2320,2320,2320,2320,2320,2320,2320,2320,2320,2320,2320,2320,2320,2320,2320,2320,2320,2320,2320,2320,2320,2320,2320,2320,2320,2322,2324,2324,2324,2324,2324,2324,2326,
	Y:746,748,751,753,755,757,760,762,764,766,768,771,773,775,777,780,782,784,786,788,791,793,795,797,800,802,804,806,808,811,813,815,817,820,822,824,826,828,831,833,835,837,840,842,844,846,848,851,853,855,857,860,862,864,866,868,871,873,875,877,880,882,884,886,888,891,893,895,897,900,902,904,906,908,911,913,915,917,920,922,924,926,928,931,933,935,937,940,942,944,946,948,951,953,955,957,960,962,964,966,968,971,973,975,977,980,982,984,986,988,991,993,995,997,1000,1002,1004,1006,1008,1011,1013,1015,1017,1020,1022,1024,1026,1028,1031,1033,1035,1037,1040,1042,1044,1046,1048,1051,1053,1055,1057,1060,1062,1064,1066,1068,1071,1073,1075,1077,1080,1082,1084,1086,1088,1091,1093,1095,1097,1100,1102,1104,1106,1108,1111,1113,1115,1117,1120,1122,1124,1126,1128,1131,1133,1135,1137,1140,1142,1144,1146,1148,1151,1153,1155,1157,1160,1162,1164,1166,1168,1171,1173,1175,1177,1180,1182,1184,1186,1188,1191,1193,1195,1197,1200,1202,1204,1206,1208,1211,1213,1215,1217,1220,1222,1224,1226,1228,1231,1233,1235,1237,1240,1242,1244,1246,1248,1251,1253,1255,1257,1260,1262,1264,1266,1268,1271,1273,1275,1277,1280,1282,1284,1286,1288,1291,1293,1295,1297,1300,1302,1304,1306,1308,1311,1313,1315,1317,1320,1322,1324,1326,1328,1331,1333,1335,1337,1340,1342,1344,1346,1348,1351,1353,1355,1357,1360,1362,1364,1366,1368,1371,1373,1375,1377,1380,1382,1384,1386,1388,1391,1393,1395,1397,1400,1402,1404,1406,1408,1411,1413,1415,1417,1420,1422,1424,1426,1428,1431,1433,1435,1437,1440,1442,1444,1446,1448,1451,1453,1455,1457,1460,1462,1464,1466,1468,1471,1473,1475,1477,1480,1482,1484,1486,1488,1491,1493,1495,1497,1500,1502,1504,1506,1508,1511,1513,1515,1517,1520,1522,1524,1526,1528,1531,1533,1535,1537,1540,1542,1544,1546,1548,1551,1553,1555,1557,1560,1562,1564,1566,1568,1571,1573,1575,1577,1580,1582,1584,1586,1588,1591,1593,1595,1597,1600,1602,1604,1606,1608,1611,1613,1615,1617,
	 Root: 5,505.66977,4.4444447,1.1760052
	X:2348,2351,2353,2353,2355,2355,2357,2360,2362,2362,2364,2366,2368,2371,2373,2375,2377,2380,2382,2384,2386,2388,2391,2393,2395,2397,2400,2402,2404,2406,2408,2411,2413,2415,2417,2420,2422,2424,2426,2428,2431,2433,2435,2437,2440,2442,2444,2446,2448,2451,2453,2455,2457,2460,2462,2464,2466,2468,2471,2473,2475,2477,2480,2482,2484,2486,2488,2491,2493,2495,2497,2500,2502,2504,2506,2508,2511,2513,2515,2517,2520,2522,2524,2526,2528,2531,2533,2535,2537,2540,2542,2544,2546,2548,2551,2553,2555,2557,2560,2562,2564,2566,2568,2571,2573,2575,2577,2580,2582,2584,2586,2588,2591,2593,2595,2597,2600,2602,2604,2606,2608,2611,2613,2615,2617,2620,2622,2624,2626,2628,2631,2633,2635,2637,2640,2642,2644,2646,2648,2651,2653,2655,2657,2660,2662,2664,2666,2668,2671,2673,2675,2677,2680,2682,2684,2686,2688,2691,2693,2695,2697,2700,2702,2704,2706,2708,2711,2713,2715,2717,2720,2722,2724,2726,2728,2731,2733,2735,2737,2740,2742,2744,2746,2748,2751,2753,2755,2757,2760,2762,2764,2766,2768,2771,2773,
	Y:746,748,751,753,755,757,760,762,764,766,768,771,773,775,775,775,775,775,775,777,780,780,780,780,780,780,780,780,780,780,780,780,780,780,780,780,780,780,780,780,780,777,775,773,773,773,771,768,766,764,764,764,764,764,762,760,757,755,755,755,755,755,755,753,751,748,746,744,742,740,740,740,740,740,737,735,733,731,731,731,731,731,731,731,728,726,724,724,724,724,724,722,720,717,715,715,715,715,715,715,715,715,715,715,713,711,708,708,708,708,708,708,708,708,708,708,708,706,704,702,702,702,702,702,702,702,702,702,702,702,702,702,702,702,700,697,695,695,695,695,695,695,695,695,695,695,695,693,691,688,688,688,688,688,688,688,688,688,688,688,688,688,688,688,688,688,688,691,693,695,697,700,702,704,706,708,711,713,715,717,720,722,724,726,728,731,733,735,737,740,742,744,746,748,751,
	Globals: 2885.01,871.11115,-0.17759617,1.1760052
Plant: 1
	 Root: 1,532.94104,157.77779,-0.23374318
	X:1513,1513,1513,1513,1513,1513,1513,1513,1513,1513,1513,1513,1513,1513,1513,1513,1513,1513,1513,1513,1513,1513,1513,1511,1511,1508,1508,1506,1506,1506,1504,1504,1504,1502,1502,1500,1497,1497,1495,1493,1493,1491,1491,1488,1486,1486,1484,1482,1480,1477,1475,1473,1471,1468,1466,1464,1462,1460,1457,1455,1453,1451,1448,1446,1444,1442,1440,1437,1435,1433,1431,1428,1426,1424,1422,1420,1417,1415,1413,1411,1408,1406,1404,1402,1400,1397,1395,1393,1391,1388,1386,1384,1382,1380,1377,1375,1373,1371,1368,1366,1364,1362,1360,1357,1355,1353,1351,1348,1346,1344,1342,1340,1337,1335,1333,1331,1328,1326,1324,1322,1320,1317,1315,1313,1311,1308,1306,1304,1302,1300,1297,1295,1293,1291,1288,1286,1284,1282,1280,1277,1275,1273,1271,1268,1266,1264,1262,1260,1257,1255,1253,1251,1248,1246,1244,1242,1240,1237,1235,1233,1231,1228,1226,1224,1222,1220,1217,1215,1213,1211,1208,1206,1204,1202,1200,1197,1195,1193,1191,1188,1186,1184,1182,1180,1177,1175,1173,1171,1168,1166,1164,1162,1160,1157,1155,1153,1151,1148,1146,1144,1142,1140,1137,1135,1133,1131,1128,1126,1124,1122,1120,
	Y:815,817,820,822,824,826,828,831,833,835,837,840,842,844,846,848,851,853,855,857,860,862,864,866,868,871,873,875,877,880,882,884,886,888,891,893,895,897,900,902,904,906,908,911,913,915,917,920,922,924,926,928,931,933,935,937,940,942,944,946,948,951,953,955,957,960,962,964,966,968,968,971,973,975,975,977,980,982,982,982,984,986,988,988,991,993,993,995,995,995,995,997,1000,1002,1002,1002,1002,1002,1004,1006,1006,1006,1006,1006,1006,1006,1008,1011,1011,1011,1011,1011,1011,1011,1011,1011,1011,1011,1011,1011,1011,1011,1011,1011,1011,1011,1011,1011,1011,1011,1011,1011,1011,1011,1011,1011,1011,1011,1011,1011,1011,1011,1011,1011,1011,1011,1011,1011,1011,1011,1011,1011,1011,1011,1011,1011,1011,1011,1011,1011,1011,1011,1011,1011,1008,1006,1004,1002,1000,1000,1000,1000,1000,1000,1000,1000,997,995,993,991,988,988,988,988,988,988,988,988,988,988,986,984,982,980,977,977,977,977,977,977,977,977,977,977,977,977,977,977,977,975,973,
	 Root: 2,330.84955,100.0,-0.41450688
	X:1513,1513,1513,1513,1513,1513,1513,1513,1513,1513,1513,1513,1513,1513,1513,1513,1511,1508,1506,1504,1502,1500,1497,1495,1493,1491,1488,1486,1484,1482,1480,1477,1475,1473,1471,1468,1466,1464,1462,1460,1457,1455,1453,1451,1448,1446,1444,1442,1440,1437,1435,1433,1431,1428,1426,1424,1422,1420,1417,1415,1413,1411,1408,1406,1404,1402,1400,1397,1395,1393,1391,1388,1386,1384,1382,1380,1377,1375,1373,1371,1368,1366,1364,1362,1360,1357,1355,1353,1351,1348,1346,1344,1342,1340,1337,1335,1333,1331,1328,1326,1324,1322,1320,1317,1315,1313,1311,1308,1306,1304,1302,1300,1297,1295,1293,1291,1288,1286,1284,1282,1280,1277,1275,1273,1271,1268,1266,1264,1262,1260,
	Y:815,817,820,822,824,826,828,831,833,835,837,840,842,844,846,848,851,853,855,857,860,862,864,866,868,871,871,873,875,877,880,880,882,884,884,886,888,888,888,891,891,893,893,895,897,900,900,902,902,902,904,906,906,906,908,908,908,911,911,911,911,913,913,913,915,915,915,917,920,920,922,922,924,924,926,926,928,928,928,931,931,931,933,933,933,935,935,935,935,935,935,935,935,935,935,935,935,935,935,935,935,935,935,935,933,931,931,931,931,931,931,928,926,926,926,926,926,926,926,926,924,922,922,922,922,922,920,917,915,915,
	 Root: 3,357.29294,195.55556,-0.11065722
	X:1513,1513,1513,1513,1513,1513,1513,1513,1513,1513,1513,1513,1513,1513,1513,1513,1513,1513,1513,1513,1513,1513,1513,1511,1511,1508,1508,1506,1506,1506,1504,1504,1504,1502,1502,1500,1497,1497,1495,1493,1493,1491,1491,1488,1486,1486,1484,1482,1480,1477,1475,1473,1471,1468,1466,1464,1462,1460,1457,1455,1453,1451,1448,1446,1444,1442,1440,1437,1435,1433,1431,1428,1426,1424,1422,1420,1417,1415,1413,1411,1408,1406,1404,1402,1400,1397,1395,1393,1391,1388,1386,1384,1382,1380,1377,1375,1373,1371,1368,1366,1364,1362,1360,1357,1355,1353,1351,1348,1346,1344,1342,1340,1337,1335,1333,1331,1328,1326,1324,1322,1320,1317,1315,1313,1311,1308,1306,1304,1302,1300,1297,1295,1293,1291,1288,1286,1284,1282,1280,
	Y:815,817,820,822,824,826,828,831,833,835,837,840,842,844,846,848,851,853,855,857,860,862,864,866,868,871,873,875,877,880,882,884,886,888,891,893,895,897,900,902,904,906,908,911,913,915,917,920,922,924,926,928,931,933,935,937,940,942,944,946,948,951,953,955,957,960,962,964,966,968,968,971,973,975,975,977,980,982,982,982,984,986,988,988,991,993,993,995,995,995,995,997,1000,1002,1002,1002,1002,1002,1004,1006,1006,1006,1006,1006,1006,1006,1008,1011,1011,1011,1011,1011,1011,1011,1011,1011,1011,1011,1011,1011,1011,1011,1011,1011,1011,1011,1011,1011,1011,1011,1011,1011,1011,1011,1011,1011,1011,1011,1011,
	 Root: 4,362.23834,-260.0,1.570795
	X:1513,1515,1517,1520,1522,1524,1526,1528,1531,1533,1535,1537,1540,1542,1544,1546,1548,1551,1553,1555,1557,1560,1562,1564,1566,1568,1571,1573,1573,1575,1577,1580,1582,1584,1586,1588,1588,1591,1591,1593,1595,1595,1597,1600,1602,1602,1604,1606,1606,1608,1611,1613,1613,1613,1615,1617,1617,1620,1622,1622,1624,1626,1626,1626,1628,1628,1631,1633,1633,1635,1637,1637,1640,1642,1642,1644,1646,1646,1648,1651,1653,1653,1655,1657,1660,1660,1660,1662,1664,1666,1668,1671,1673,1675,1677,1680,1682,1684,1686,1688,1691,1693,1695,1697,1700,1702,1704,1706,1708,1711,1713,1715,1717,1720,1722,1724,1726,1728,1731,1733,1735,1737,1740,
	Y:815,815,813,811,808,806,804,802,800,797,795,793,791,788,786,784,782,780,777,775,773,771,768,766,764,762,760,757,755,753,751,748,746,744,742,740,737,735,733,731,728,726,724,722,720,717,715,713,711,708,706,704,702,700,697,695,693,691,688,686,684,682,680,677,675,673,671,668,666,664,662,660,657,655,653,651,648,646,644,642,640,637,635,633,631,628,626,624,622,620,617,615,613,611,608,606,604,602,600,597,595,593,591,588,586,584,582,580,577,575,573,571,568,566,564,562,562,560,557,555,553,553,555,
	 Root: 5,192.66333,-173.33334,1.570795
	X:1513,1513,1513,1513,1515,1517,1520,1522,1524,1526,1528,1531,1533,1535,1535,1537,1537,1537,1537,1537,1537,1540,1540,1540,1540,1540,1540,1540,1540,1540,1540,1540,1540,1542,1542,1542,1542,1544,1544,1546,1546,1546,1548,1548,1548,1551,1551,1551,1551,1551,1551,1551,1551,1551,1551,1551,1551,1551,1551,1551,1551,1551,1551,1551,1551,1551,1551,1551,1551,1551,1551,1551,1551,1551,1551,1548,1546,1544,1542,
	Y:815,813,811,808,806,804,802,800,797,795,793,791,788,786,784,782,780,777,775,773,771,768,766,764,762,760,757,755,753,751,748,746,744,742,740,737,735,733,731,728,726,724,722,720,717,715,713,711,708,706,704,702,700,697,695,693,691,688,686,684,682,680,677,675,673,671,668,666,664,662,660,657,655,653,651,648,646,644,642,
	Globals: 1775.9851,195.55556,-0.41450688,1.570795
Plant: 2
	 Root: 1,657.9519,164.44444,-1.570795
	X:584,582,580,577,575,573,571,568,566,564,562,560,557,555,553,551,548,546,544,542,540,537,535,533,531,528,526,524,522,520,517,515,513,511,508,506,504,502,500,497,495,493,491,488,486,484,482,480,477,475,473,471,468,466,464,462,460,457,455,453,451,448,446,444,442,440,437,435,433,431,428,426,424,422,420,417,415,413,411,408,406,404,402,400,397,395,393,391,388,386,384,382,380,377,375,373,371,368,366,364,362,360,357,355,353,351,348,346,344,342,340,337,335,333,331,328,326,324,322,320,317,315,313,311,308,306,304,302,300,297,295,293,291,288,286,284,282,280,277,275,273,271,268,266,264,262,260,257,255,253,251,248,246,244,242,240,237,235,233,231,228,226,224,222,220,217,215,213,211,208,206,204,202,200,197,195,193,191,188,186,184,182,180,177,175,173,171,168,166,164,162,160,157,155,153,151,148,146,144,142,140,137,135,133,131,128,126,124,122,120,117,115,113,111,108,106,104,102,100,97,95,93,91,88,86,84,82,80,77,75,73,71,68,66,64,62,60,57,55,53,51,48,46,44,42,40,37,35,33,31,28,26,24,22,
	Y:595,595,595,593,591,588,586,584,582,580,580,580,577,575,573,573,573,573,573,573,573,573,573,573,573,573,573,573,573,573,573,573,573,573,573,573,573,573,573,573,573,573,573,573,573,573,573,573,573,573,573,573,573,573,573,573,573,573,573,573,573,573,573,573,573,573,573,573,573,575,577,577,577,577,577,577,577,580,582,582,582,582,582,582,584,586,586,586,586,588,591,593,593,593,593,593,593,595,597,597,600,602,602,602,602,604,606,606,606,608,611,611,611,613,615,615,617,620,620,620,622,624,624,626,628,631,631,631,631,633,635,637,640,640,640,642,644,644,646,648,648,651,653,653,653,655,657,657,660,662,662,664,666,666,666,668,671,671,673,675,675,677,680,682,682,682,684,686,686,686,688,691,691,693,695,695,695,697,700,702,704,704,704,706,708,711,711,711,713,715,715,715,717,720,722,724,724,724,724,726,728,728,731,733,733,735,737,737,737,740,742,742,744,746,748,748,748,748,751,753,755,755,755,757,760,762,764,764,764,766,768,771,771,771,771,771,771,771,771,771,771,771,771,771,771,771,771,771,771,768,766,764,762,760,
	 Root: 2,428.85068,391.1111,0.19739556
	X:584,584,584,584,584,586,588,591,591,593,595,595,597,600,600,600,600,600,600,600,600,600,600,600,600,600,600,600,600,600,600,600,600,600,600,600,600,600,600,600,600,600,600,600,600,600,600,600,600,600,600,600,600,600,600,600,600,600,600,600,600,600,600,600,600,600,600,600,600,600,602,602,602,602,602,602,602,602,602,604,604,604,604,604,604,604,604,604,606,606,606,606,606,606,606,606,608,608,608,608,608,608,608,608,608,608,608,611,611,611,611,611,611,611,611,611,611,611,611,611,611,608,606,604,602,600,597,595,593,593,593,591,591,591,591,588,588,588,586,586,584,584,582,580,580,577,577,577,575,573,573,573,571,571,571,568,568,566,566,566,566,564,564,564,562,560,560,560,557,555,555,555,555,553,551,548,546,
	Y:595,597,600,602,604,606,608,611,613,615,617,620,622,624,626,628,631,633,635,637,640,642,644,646,648,651,653,655,657,660,662,664,666,668,671,673,675,677,680,682,684,686,688,691,693,695,697,700,702,704,706,708,711,713,715,717,720,722,724,726,728,731,733,735,737,740,742,744,746,748,751,753,755,757,760,762,764,766,768,771,773,775,777,780,782,784,786,788,791,793,795,797,800,802,804,806,808,811,813,815,817,820,822,824,826,828,831,833,835,837,840,842,844,846,848,851,853,855,857,860,862,864,866,868,871,873,875,877,880,882,884,886,888,891,893,895,897,900,902,904,906,908,911,913,915,917,920,922,924,926,928,931,933,935,937,940,942,944,946,948,951,953,955,957,960,962,964,966,968,971,973,975,977,980,982,984,986,
	 Root: 3,769.232,733.3334,0.10566559
	X:584,584,584,584,584,586,588,591,591,593,595,595,597,600,600,600,600,600,600,600,600,600,600,600,600,600,600,600,600,600,600,600,600,600,600,600,600,600,600,600,600,600,600,600,600,600,600,600,600,600,600,600,600,600,600,600,600,600,600,600,600,600,600,600,600,600,600,600,600,600,602,602,602,602,602,602,602,602,602,604,604,604,604,604,604,604,604,604,606,606,606,606,606,606,606,606,608,608,608,608,608,608,608,608,608,608,608,611,611,611,611,611,611,611,611,611,611,611,611,611,611,611,611,613,615,617,617,617,617,617,617,620,620,620,620,620,620,622,622,622,622,622,622,622,622,624,626,626,626,626,626,626,626,626,628,631,631,631,631,631,631,631,631,631,631,631,631,633,635,635,635,635,635,635,635,635,637,640,642,642,642,642,642,642,642,642,642,642,642,642,644,646,648,648,648,648,648,648,648,648,648,648,648,648,648,651,653,653,653,653,653,653,653,653,653,653,655,657,660,660,660,660,660,660,660,660,660,660,660,660,660,660,660,660,660,660,660,660,662,664,664,664,664,664,664,664,664,664,664,664,664,664,664,664,664,664,664,664,664,664,664,664,664,664,664,664,664,664,664,664,664,664,664,664,666,668,671,671,671,671,671,671,671,671,671,671,671,671,671,671,671,671,671,671,671,671,671,671,671,671,671,671,671,671,671,671,671,671,671,671,671,671,671,671,671,671,671,671,671,671,671,671,671,671,671,671,671,671,671,671,671,
	Y:595,597,600,602,604,606,608,611,613,615,617,620,622,624,626,628,631,633,635,637,640,642,644,646,648,651,653,655,657,660,662,664,666,668,671,673,675,677,680,682,684,686,688,691,693,695,697,700,702,704,706,708,711,713,715,717,720,722,724,726,728,731,733,735,737,740,742,744,746,748,751,753,755,757,760,762,764,766,768,771,773,775,777,780,782,784,786,788,791,793,795,797,800,802,804,806,808,811,813,815,817,820,822,824,826,828,831,833,835,837,840,842,844,846,848,851,853,855,857,860,862,864,866,868,871,873,875,877,880,882,884,886,888,891,893,895,897,900,902,904,906,908,911,913,915,917,920,922,924,926,928,931,933,935,937,940,942,944,946,948,951,953,955,957,960,962,964,966,968,971,973,975,977,980,982,984,986,988,991,993,995,997,1000,1002,1004,1006,1008,1011,1013,1015,1017,1020,1022,1024,1026,1028,1031,1033,1035,1037,1040,1042,1044,1046,1048,1051,1053,1055,1057,1060,1062,1064,1066,1068,1071,1073,1075,1077,1080,1082,1084,1086,1088,1091,1093,1095,1097,1100,1102,1104,1106,1108,1111,1113,1115,1117,1120,1122,1124,1126,1128,1131,1133,1135,1137,1140,1142,1144,1146,1148,1151,1153,1155,1157,1160,1162,1164,1166,1168,1171,1173,1175,1177,1180,1182,1184,1186,1188,1191,1193,1195,1197,1200,1202,1204,1206,1208,1211,1213,1215,1217,1220,1222,1224,1226,1228,1231,1233,1235,1237,1240,1242,1244,1246,1248,1251,1253,1255,1257,1260,1262,1264,1266,1268,1271,1273,1275,1277,1280,1282,1284,1286,1288,1291,1293,1295,1297,1300,1302,1304,1306,1308,1311,1313,1315,1317,1320,1322,1324,1326,1328,
	 Root: 4,423.9324,400.0,0.19204801
	X:584,584,584,584,584,586,588,591,591,593,595,595,597,600,600,600,600,600,600,600,600,600,600,600,600,600,600,600,600,600,600,600,600,600,600,600,600,600,600,600,600,600,600,600,600,600,600,600,600,600,600,600,600,600,600,600,600,600,600,600,600,600,600,600,600,600,600,600,600,600,602,602,602,602,602,602,602,602,602,604,604,604,604,604,604,604,604,604,606,606,606,606,606,606,606,606,608,608,608,608,608,608,608,608,608,608,608,611,611,611,611,611,611,611,611,611,611,611,611,611,611,611,611,613,615,617,617,617,617,617,617,620,620,620,620,620,620,622,622,622,622,622,622,622,622,624,626,626,626,626,626,626,626,626,628,631,631,631,631,631,631,631,631,631,631,631,631,633,635,635,635,635,635,635,635,635,637,640,642,642,642,
	Y:595,597,600,602,604,606,608,611,613,615,617,620,622,624,626,628,631,633,635,637,640,642,644,646,648,651,653,655,657,660,662,664,666,668,671,673,675,677,680,682,684,686,688,691,693,695,697,700,702,704,706,708,711,713,715,717,720,722,724,726,728,731,733,735,737,740,742,744,746,748,751,753,755,757,760,762,764,766,768,771,773,775,777,780,782,784,786,788,791,793,795,797,800,802,804,806,808,811,813,815,817,820,822,824,826,828,831,833,835,837,840,842,844,846,848,851,853,855,857,860,862,864,866,868,871,873,875,877,880,882,884,886,888,891,893,895,897,900,902,904,906,908,911,913,915,917,920,922,924,926,928,931,933,935,937,940,942,944,946,948,951,953,955,957,960,962,964,966,968,971,973,975,977,980,982,984,986,988,991,993,995,
	 Root: 5,416.65012,237.77779,1.1210366
	X:584,586,588,591,593,595,597,600,602,604,606,608,611,613,615,617,620,622,624,626,628,631,633,635,637,640,642,644,646,648,651,653,655,657,660,662,664,666,668,671,673,675,677,677,680,682,684,686,688,691,693,695,697,700,702,704,706,708,711,711,713,715,717,720,722,724,726,728,731,733,735,737,740,742,744,746,748,751,753,755,757,760,762,764,766,768,771,773,775,777,780,782,784,786,788,791,793,795,797,800,802,804,806,808,811,813,815,817,820,822,824,826,828,831,833,835,837,840,842,844,846,848,851,853,855,857,860,862,864,866,868,871,873,875,877,880,882,884,886,888,891,893,895,897,900,
	Y:595,595,595,595,595,595,595,595,595,595,597,597,597,600,600,600,600,602,602,604,606,608,611,613,615,617,620,622,624,626,628,631,633,635,637,640,642,644,646,648,651,653,655,657,660,662,664,666,668,671,673,675,677,680,682,684,686,688,691,693,695,697,700,702,704,706,708,711,713,715,717,720,722,724,726,728,731,733,735,737,740,742,744,746,748,751,751,753,755,757,760,760,760,762,764,766,768,771,771,771,773,775,775,777,780,780,782,784,786,786,786,788,791,793,793,793,795,797,800,800,800,802,804,804,806,808,808,811,813,813,815,817,820,820,820,820,822,824,824,826,828,831,831,831,833,
	Globals: 2696.6172,733.3334,-1.570795,1.1210366
